-1.000000 9.34504873e-09
-0.999497 3.30271784e-06
-0.998995 6.48241015e-06
-0.998492 9.55097520e-06
-0.997989 1.25109222e-05
-0.997487 1.53647168e-05
-0.996984 1.81147818e-05
-0.996481 2.07634979e-05
-0.995979 2.33132039e-05
-0.995476 2.57661976e-05
-0.994973 2.81247365e-05
-0.994471 3.03910378e-05
-0.993968 3.25672798e-05
-0.993465 3.46556017e-05
-0.992963 3.66581044e-05
-0.992460 3.85768514e-05
-0.991957 4.04138689e-05
-0.991455 4.21711465e-05
-0.990952 4.38506376e-05
-0.990449 4.54542602e-05
-0.989947 4.69838973e-05
-0.989444 4.84413972e-05
-0.988941 4.98285742e-05
-0.988439 5.11472092e-05
-0.987936 5.23990499e-05
-0.987433 5.35858116e-05
-0.986931 5.47091774e-05
-0.986428 5.57707988e-05
-0.985925 5.67722963e-05
-0.985423 5.77152596e-05
-0.984920 5.86012483e-05
-0.984417 5.94317921e-05
-0.983915 6.02083915e-05
-0.983412 6.09325182e-05
-0.982909 6.16056152e-05
-0.982407 6.22290978e-05
-0.981904 6.28043535e-05
-0.981401 6.33327428e-05
-0.980899 6.38155994e-05
-0.980396 6.42542305e-05
-0.979893 6.46499177e-05
-0.979391 6.50039167e-05
-0.978888 6.53174584e-05
-0.978385 6.55917487e-05
-0.977883 6.58279693e-05
-0.977380 6.60272778e-05
-0.976877 6.61908083e-05
-0.976375 6.63196715e-05
-0.975872 6.64149554e-05
-0.975369 6.64777253e-05
-0.974867 6.65090246e-05
-0.974364 6.65098747e-05
-0.973861 6.64812756e-05
-0.973359 6.64242062e-05
-0.972856 6.63396246e-05
-0.972353 6.62284683e-05
-0.971851 6.60916551e-05
-0.971348 6.59300826e-05
-0.970845 6.57446292e-05
-0.970343 6.55361539e-05
-0.969840 6.53054972e-05
-0.969337 6.50534807e-05
-0.968835 6.47809081e-05
-0.968332 6.44885650e-05
-0.967829 6.41772195e-05
-0.967327 6.38476221e-05
-0.966824 6.35005067e-05
-0.966321 6.31365900e-05
-0.965819 6.27565726e-05
-0.965316 6.23611385e-05
-0.964813 6.19509562e-05
-0.964311 6.15266783e-05
-0.963808 6.10889421e-05
-0.963305 6.06383697e-05
-0.962803 6.01755684e-05
-0.962300 5.97011309e-05
-0.961797 5.92156356e-05
-0.961295 5.87196466e-05
-0.960792 5.82137144e-05
-0.960289 5.76983757e-05
-0.959787 5.71741539e-05
-0.959284 5.66415593e-05
-0.958781 5.61010892e-05
-0.958279 5.55532282e-05
-0.957776 5.49984487e-05
-0.957273 5.44372106e-05
-0.956771 5.38699620e-05
-0.956268 5.32971389e-05
-0.955765 5.27191661e-05
-0.955263 5.21364568e-05
-0.954760 5.15494131e-05
-0.954257 5.09584262e-05
-0.953755 5.03638766e-05
-0.953252 4.97661340e-05
-0.952749 4.91655581e-05
-0.952247 4.85624981e-05
-0.951744 4.79572935e-05
-0.951241 4.73502739e-05
-0.950739 4.67417593e-05
-0.950236 4.61320604e-05
-0.949733 4.55214785e-05
-0.949231 4.49103060e-05
-0.948728 4.42988264e-05
-0.948225 4.36873144e-05
-0.947723 4.30760362e-05
-0.947220 4.24652497e-05
-0.946717 4.18552046e-05
-0.946215 4.12461425e-05
-0.945712 4.06382972e-05
-0.945209 4.00318947e-05
-0.944707 3.94271534e-05
-0.944204 3.88242844e-05
-0.943701 3.82234915e-05
-0.943199 3.76249714e-05
-0.942696 3.70289138e-05
-0.942193 3.64355016e-05
-0.941691 3.58449110e-05
-0.941188 3.52573118e-05
-0.940685 3.46728671e-05
-0.940183 3.40917341e-05
-0.939680 3.35140635e-05
-0.939177 3.29400003e-05
-0.938675 3.23696835e-05
-0.938172 3.18032464e-05
-0.937669 3.12408165e-05
-0.937167 3.06825161e-05
-0.936664 3.01284620e-05
-0.936161 2.95787655e-05
-0.935659 2.90335333e-05
-0.935156 2.84928665e-05
-0.934653 2.79568617e-05
-0.934151 2.74256106e-05
-0.933648 2.68992001e-05
-0.933145 2.63777126e-05
-0.932643 2.58612261e-05
-0.932140 2.53498141e-05
-0.931637 2.48435460e-05
-0.931135 2.43424868e-05
-0.930632 2.38466978e-05
-0.930129 2.33562360e-05
-0.929627 2.28711547e-05
-0.929124 2.23915034e-05
-0.928621 2.19173280e-05
-0.928119 2.14486706e-05
-0.927616 2.09855700e-05
-0.927113 2.05280616e-05
-0.926611 2.00761773e-05
-0.926108 1.96299461e-05
-0.925605 1.91893935e-05
-0.925103 1.87545420e-05
-0.924600 1.83254115e-05
-0.924097 1.79020184e-05
-0.923595 1.74843767e-05
-0.923092 1.70724975e-05
-0.922589 1.66663894e-05
-0.922087 1.62660580e-05
-0.921584 1.58715069e-05
-0.921081 1.54827368e-05
-0.920579 1.50997463e-05
-0.920076 1.47225316e-05
-0.919573 1.43510867e-05
-0.919071 1.39854033e-05
-0.918568 1.36254711e-05
-0.918065 1.32712777e-05
-0.917563 1.29228088e-05
-0.917060 1.25800481e-05
-0.916557 1.22429774e-05
-0.916055 1.19115770e-05
-0.915552 1.15858249e-05
-0.915049 1.12656980e-05
-0.914547 1.09511712e-05
-0.914044 1.06422180e-05
-0.913541 1.03388104e-05
-0.913039 1.00409187e-05
-0.912536 9.74851205e-06
-0.912033 9.46155815e-06
-0.911531 9.18002340e-06
-0.911028 8.90387291e-06
-0.910525 8.63307061e-06
-0.910023 8.36757925e-06
-0.909520 8.10736048e-06
-0.909017 7.85237485e-06
-0.908515 7.60258190e-06
-0.908012 7.35794019e-06
-0.907509 7.11840732e-06
-0.907007 6.88394001e-06
-0.906504 6.65449410e-06
-0.906001 6.43002464e-06
-0.905499 6.21048587e-06
-0.904996 5.99583131e-06
-0.904493 5.78601375e-06
-0.903991 5.58098536e-06
-0.903488 5.38069763e-06
-0.902985 5.18510148e-06
-0.902483 4.99414727e-06
-0.901980 4.80778481e-06
-0.901477 4.62596345e-06
-0.900975 4.44863205e-06
-0.900472 4.27573904e-06
-0.899969 4.10723246e-06
-0.899467 3.94305998e-06
-0.898964 3.78316892e-06
-0.898461 3.62750630e-06
-0.897959 3.47601884e-06
-0.897456 3.32865301e-06
-0.896953 3.18535506e-06
-0.896451 3.04607101e-06
-0.895948 2.91074672e-06
-0.895445 2.77932789e-06
-0.894943 2.65176010e-06
-0.894440 2.52798879e-06
-0.893937 2.40795936e-06
-0.893435 2.29161712e-06
-0.892932 2.17890734e-06
-0.892429 2.06977529e-06
-0.891927 1.96416622e-06
-0.891424 1.86202541e-06
-0.890921 1.76329818e-06
-0.890419 1.66792993e-06
-0.889916 1.57586610e-06
-0.889413 1.48705226e-06
-0.888911 1.40143408e-06
-0.888408 1.31895736e-06
-0.887905 1.23956805e-06
-0.887403 1.16321227e-06
-0.886900 1.08983632e-06
-0.886397 1.01938667e-06
-0.885895 9.51810033e-07
-0.885392 8.87053324e-07
-0.884889 8.25063699e-07
-0.884387 7.65788566e-07
-0.883884 7.09175595e-07
-0.883381 6.55172731e-07
-0.882879 6.03728206e-07
-0.882376 5.54790553e-07
-0.881873 5.08308613e-07
-0.881371 4.64231549e-07
-0.880868 4.22508857e-07
-0.880365 3.83090372e-07
-0.879863 3.45926282e-07
-0.879360 3.10967137e-07
-0.878857 2.78163854e-07
-0.878355 2.47467731e-07
-0.877852 2.18830450e-07
-0.877349 1.92204092e-07
-0.876847 1.67541135e-07
-0.876344 1.44794473e-07
-0.875841 1.23917410e-07
-0.875339 1.04863680e-07
-0.874836 8.75874419e-08
-0.874333 7.20432934e-08
-0.873831 5.81862733e-08
-0.873328 4.59718674e-08
-0.872825 3.53560146e-08
-0.872323 2.62951110e-08
-0.871820 1.87460153e-08
-0.871317 1.26660527e-08
-0.870815 8.01301927e-09
-0.870312 4.74518599e-09
-0.869809 2.82130229e-09
-0.869307 2.20059949e-09
-0.868804 2.84279405e-09
-0.868301 4.70809047e-09
-0.867799 7.75718404e-09
-0.867296 1.19512634e-08
-0.866793 1.72520127e-08
-0.866291 2.36216138e-08
-0.865788 3.10227481e-08
-0.865285 3.94185981e-08
-0.864783 4.87728492e-08
-0.864280 5.90496903e-08
-0.863777 7.02138157e-08
-0.863275 8.22304253e-08
-0.862772 9.50652257e-08
-0.862269 1.08684430e-07
-0.861767 1.23054761e-07
-0.861264 1.38143445e-07
-0.860761 1.53918221e-07
-0.860259 1.70347330e-07
-0.859756 1.87399526e-07
-0.859253 2.05044064e-07
-0.858751 2.23250710e-07
-0.858248 2.41989733e-07
-0.857745 2.61231906e-07
-0.857243 2.80948506e-07
-0.856740 3.01111314e-07
-0.856237 3.21692609e-07
-0.855735 3.42665171e-07
-0.855232 3.64002278e-07
-0.854729 3.85677704e-07
-0.854227 4.07665718e-07
-0.853724 4.29941080e-07
-0.853221 4.52479043e-07
-0.852719 4.75255347e-07
-0.852216 4.98246217e-07
-0.851713 5.21428364e-07
-0.851211 5.44778979e-07
-0.850708 5.68275731e-07
-0.850205 5.91896769e-07
-0.849703 6.15620710e-07
-0.849200 6.39426646e-07
-0.848697 6.63294135e-07
-0.848195 6.87203199e-07
-0.847692 7.11134323e-07
-0.847189 7.35068451e-07
-0.846687 7.58986981e-07
-0.846184 7.82871763e-07
-0.845681 8.06705097e-07
-0.845179 8.30469728e-07
-0.844676 8.54148841e-07
-0.844173 8.77726063e-07
-0.843671 9.01185451e-07
-0.843168 9.24511497e-07
-0.842665 9.47689118e-07
-0.842163 9.70703655e-07
-0.841660 9.93540869e-07
-0.841157 1.01618694e-06
-0.840655 1.03862845e-06
-0.840152 1.06085240e-06
-0.839649 1.08284619e-06
-0.839147 1.10459762e-06
-0.838644 1.12609489e-06
-0.838141 1.14732658e-06
-0.837639 1.16828167e-06
-0.837136 1.18894952e-06
-0.836633 1.20931987e-06
-0.836131 1.22938283e-06
-0.835628 1.24912889e-06
-0.835125 1.26854889e-06
-0.834623 1.28763405e-06
-0.834120 1.30637594e-06
-0.833617 1.32476648e-06
-0.833115 1.34279794e-06
-0.832612 1.36046294e-06
-0.832109 1.37775445e-06
-0.831607 1.39466574e-06
-0.831104 1.41119045e-06
-0.830601 1.42732253e-06
-0.830099 1.44305625e-06
-0.829596 1.45838621e-06
-0.829093 1.47330731e-06
-0.828591 1.48781476e-06
-0.828088 1.50190408e-06
-0.827585 1.51557110e-06
-0.827083 1.52881192e-06
-0.826580 1.54162296e-06
-0.826077 1.55400091e-06
-0.825575 1.56594274e-06
-0.825072 1.57744571e-06
-0.824569 1.58850733e-06
-0.824067 1.59912542e-06
-0.823564 1.60929802e-06
-0.823061 1.61902345e-06
-0.822559 1.62830029e-06
-0.822056 1.63712737e-06
-0.821553 1.64550375e-06
-0.821051 1.65342876e-06
-0.820548 1.66090194e-06
-0.820045 1.66792308e-06
-0.819543 1.67449219e-06
-0.819040 1.68060952e-06
-0.818537 1.68627552e-06
-0.818035 1.69149087e-06
-0.817532 1.69625645e-06
-0.817029 1.70057337e-06
-0.816527 1.70444291e-06
-0.816024 1.70786658e-06
-0.815521 1.71084607e-06
-0.815019 1.71338326e-06
-0.814516 1.71548022e-06
-0.814013 1.71713920e-06
-0.813511 1.71836263e-06
-0.813008 1.71915311e-06
-0.812505 1.71951341e-06
-0.812003 1.71944648e-06
-0.811500 1.71895541e-06
-0.810997 1.71804346e-06
-0.810495 1.71671404e-06
-0.809992 1.71497072e-06
-0.809489 1.71281719e-06
-0.808987 1.71025732e-06
-0.808484 1.70729509e-06
-0.807981 1.70393462e-06
-0.807479 1.70018016e-06
-0.806976 1.69603610e-06
-0.806473 1.69150693e-06
-0.805971 1.68659727e-06
-0.805468 1.68131186e-06
-0.804965 1.67565556e-06
-0.804463 1.66963331e-06
-0.803960 1.66325019e-06
-0.803457 1.65651134e-06
-0.802955 1.64942204e-06
-0.802452 1.64198764e-06
-0.801949 1.63421358e-06
-0.801447 1.62610539e-06
-0.800944 1.61766870e-06
-0.800441 1.60890919e-06
-0.799939 1.59983264e-06
-0.799436 1.59044491e-06
-0.798933 1.58075190e-06
-0.798431 1.57075961e-06
-0.797928 1.56047409e-06
-0.797425 1.54990144e-06
-0.796923 1.53904783e-06
-0.796420 1.52791950e-06
-0.795917 1.51652271e-06
-0.795415 1.50486379e-06
-0.794912 1.49294911e-06
-0.794409 1.48078509e-06
-0.793907 1.46837818e-06
-0.793404 1.45573487e-06
-0.792901 1.44286169e-06
-0.792399 1.42976519e-06
-0.791896 1.41645196e-06
-0.791393 1.40292862e-06
-0.790891 1.38920180e-06
-0.790388 1.37527815e-06
-0.789885 1.36116435e-06
-0.789383 1.34686710e-06
-0.788880 1.33239309e-06
-0.788377 1.31774905e-06
-0.787875 1.30294169e-06
-0.787372 1.28797775e-06
-0.786869 1.27286395e-06
-0.786367 1.25760704e-06
-0.785864 1.24221373e-06
-0.785361 1.22669078e-06
-0.784859 1.21104488e-06
-0.784356 1.19528277e-06
-0.783853 1.17941115e-06
-0.783351 1.16343671e-06
-0.782848 1.14736613e-06
-0.782345 1.13120608e-06
-0.781843 1.11496319e-06
-0.781340 1.09864410e-06
-0.780837 1.08225540e-06
-0.780335 1.06580368e-06
-0.779832 1.04929549e-06
-0.779329 1.03273735e-06
-0.778827 1.01613576e-06
-0.778324 9.99497177e-07
-0.777821 9.82828038e-07
-0.777319 9.66134737e-07
-0.776816 9.49423634e-07
-0.776313 9.32701050e-07
-0.775811 9.15973267e-07
-0.775308 8.99246526e-07
-0.774805 8.82527025e-07
-0.774303 8.65820919e-07
-0.773800 8.49134314e-07
-0.773297 8.32473273e-07
-0.772795 8.15843808e-07
-0.772292 7.99251882e-07
-0.771789 7.82703407e-07
-0.771287 7.66204242e-07
-0.770784 7.49760194e-07
-0.770281 7.33377012e-07
-0.769779 7.17060392e-07
-0.769276 7.00815972e-07
-0.768773 6.84649330e-07
-0.768271 6.68565988e-07
-0.767768 6.52571403e-07
-0.767265 6.36670973e-07
-0.766763 6.20870035e-07
-0.766260 6.05173860e-07
-0.765757 5.89587654e-07
-0.765255 5.74116561e-07
-0.764752 5.58765655e-07
-0.764249 5.43539946e-07
-0.763747 5.28444373e-07
-0.763244 5.13483810e-07
-0.762741 4.98663058e-07
-0.762239 4.83986851e-07
-0.761736 4.69459849e-07
-0.761233 4.55086643e-07
-0.760731 4.40871749e-07
-0.760228 4.26819614e-07
-0.759725 4.12934607e-07
-0.759223 3.99221028e-07
-0.758720 3.85683097e-07
-0.758217 3.72324964e-07
-0.757715 3.59150701e-07
-0.757212 3.46164302e-07
-0.756709 3.33369689e-07
-0.756207 3.20770704e-07
-0.755704 3.08371113e-07
-0.755201 2.96174603e-07
-0.754699 2.84184785e-07
-0.754196 2.72405190e-07
-0.753693 2.60839272e-07
-0.753191 2.49490405e-07
-0.752688 2.38361885e-07
-0.752185 2.27456927e-07
-0.751683 2.16778668e-07
-0.751180 2.06330166e-07
-0.750677 1.96114397e-07
-0.750175 1.86134258e-07
-0.749672 1.76392568e-07
-0.749169 1.66892063e-07
-0.748667 1.57635401e-07
-0.748164 1.48625158e-07
-0.747661 1.39863831e-07
-0.747159 1.31353836e-07
-0.746656 1.23097511e-07
-0.746153 1.15097110e-07
-0.745651 1.07354810e-07
-0.745148 9.98727065e-08
-0.744645 9.26528164e-08
-0.744143 8.56970757e-08
-0.743640 7.90073411e-08
-0.743137 7.25853897e-08
-0.742635 6.64329194e-08
-0.742132 6.05515490e-08
-0.741629 5.49428181e-08
-0.741127 4.96081879e-08
-0.740624 4.45490411e-08
-0.740121 3.97666820e-08
-0.739619 3.52623372e-08
-0.739116 3.10371556e-08
-0.738613 2.70922087e-08
-0.738111 2.34284911e-08
-0.737608 2.00469206e-08
-0.737105 1.69483388e-08
-0.736603 1.41335114e-08
-0.736100 1.16031284e-08
-0.735597 9.35780477e-09
-0.735095 7.39808058e-09
-0.734592 5.72442166e-09
-0.734089 4.33721995e-09
-0.733587 3.23679391e-09
-0.733084 2.42338905e-09
-0.732581 1.89717834e-09
-0.732079 1.65826276e-09
-0.731576 1.70667176e-09
-0.731073 2.04236379e-09
-0.730571 2.66522681e-09
-0.730068 3.57507886e-09
-0.729565 4.77166854e-09
-0.729063 6.25467563e-09
-0.728560 8.02371163e-09
-0.728057 1.00783203e-08
-0.727555 1.24179785e-08
-0.727052 1.50420961e-08
-0.726549 1.79500177e-08
-0.726047 2.11410220e-08
-0.725544 2.46143234e-08
-0.725041 2.83690723e-08
-0.724539 3.24043554e-08
-0.724036 3.67191969e-08
-0.723533 4.13125590e-08
-0.723031 4.61833422e-08
-0.722528 5.13303866e-08
-0.722025 5.67524718e-08
-0.721523 6.24483186e-08
-0.721020 6.84165886e-08
-0.720517 7.46558858e-08
-0.720015 8.11647567e-08
-0.719512 8.79416915e-08
-0.719009 9.49851243e-08
-0.718507 1.02293434e-07
-0.718004 1.09864947e-07
-0.717501 1.17697932e-07
-0.716999 1.25790609e-07
-0.716496 1.34141143e-07
-0.715993 1.42747650e-07
-0.715491 1.51608194e-07
-0.714988 1.60720789e-07
-0.714485 1.70083400e-07
-0.713983 1.79693944e-07
-0.713480 1.89550290e-07
-0.712977 1.99650262e-07
-0.712475 2.09991635e-07
-0.711972 2.20572142e-07
-0.711469 2.31389469e-07
-0.710967 2.42441259e-07
-0.710464 2.53725114e-07
-0.709961 2.65238592e-07
-0.709459 2.76979209e-07
-0.708956 2.88944443e-07
-0.708453 3.01131731e-07
-0.707951 3.13538472e-07
-0.707448 3.26162026e-07
-0.706945 3.38999715e-07
-0.706443 3.52048827e-07
-0.705940 3.65306612e-07
-0.705437 3.78770287e-07
-0.704935 3.92437035e-07
-0.704432 4.06304003e-07
-0.703929 4.20368309e-07
-0.703427 4.34627039e-07
-0.702924 4.49077245e-07
-0.702421 4.63715953e-07
-0.701919 4.78540159e-07
-0.701416 4.93546827e-07
-0.700913 5.08732900e-07
-0.700411 5.24095288e-07
-0.699908 5.39630878e-07
-0.699405 5.55336532e-07
-0.698903 5.71209088e-07
-0.698400 5.87245359e-07
-0.697897 6.03442137e-07
-0.697395 6.19796189e-07
-0.696892 6.36304265e-07
-0.696389 6.52963092e-07
-0.695887 6.69769378e-07
-0.695384 6.86719813e-07
-0.694881 7.03811067e-07
-0.694379 7.21039796e-07
-0.693876 7.38402637e-07
-0.693373 7.55896212e-07
-0.692871 7.73517129e-07
-0.692368 7.91261981e-07
-0.691865 8.09127348e-07
-0.691363 8.27109797e-07
-0.690860 8.45205885e-07
-0.690357 8.63412156e-07
-0.689855 8.81725145e-07
-0.689352 9.00141376e-07
-0.688849 9.18657366e-07
-0.688347 9.37269622e-07
-0.687844 9.55974647e-07
-0.687341 9.74768934e-07
-0.686839 9.93648971e-07
-0.686336 1.01261124e-06
-0.685833 1.03165223e-06
-0.685331 1.05076840e-06
-0.684828 1.06995624e-06
-0.684325 1.08921221e-06
-0.683823 1.10853278e-06
-0.683320 1.12791442e-06
-0.682817 1.14735360e-06
-0.682315 1.16684678e-06
-0.681812 1.18639044e-06
-0.681309 1.20598104e-06
-0.680807 1.22561507e-06
-0.680304 1.24528900e-06
-0.679801 1.26499931e-06
-0.679299 1.28474248e-06
-0.678796 1.30451502e-06
-0.678293 1.32431341e-06
-0.677791 1.34413416e-06
-0.677288 1.36397378e-06
-0.676785 1.38382879e-06
-0.676283 1.40369572e-06
-0.675780 1.42357110e-06
-0.675277 1.44345149e-06
-0.674775 1.46333342e-06
-0.674272 1.48321349e-06
-0.673769 1.50308825e-06
-0.673267 1.52295430e-06
-0.672764 1.54280825e-06
-0.672261 1.56264671e-06
-0.671759 1.58246632e-06
-0.671256 1.60226371e-06
-0.670753 1.62203554e-06
-0.670251 1.64177849e-06
-0.669748 1.66148926e-06
-0.669245 1.68116454e-06
-0.668743 1.70080106e-06
-0.668240 1.72039556e-06
-0.667737 1.73994481e-06
-0.667235 1.75944558e-06
-0.666732 1.77889466e-06
-0.666229 1.79828888e-06
-0.665727 1.81762507e-06
-0.665224 1.83690009e-06
-0.664721 1.85611082e-06
-0.664219 1.87525415e-06
-0.663716 1.89432700e-06
-0.663213 1.91332633e-06
-0.662711 1.93224909e-06
-0.662208 1.95109229e-06
-0.661705 1.96985292e-06
-0.661203 1.98852803e-06
-0.660700 2.00711468e-06
-0.660197 2.02560995e-06
-0.659695 2.04401096e-06
-0.659192 2.06231485e-06
-0.658689 2.08051878e-06
-0.658187 2.09861994e-06
-0.657684 2.11661555e-06
-0.657181 2.13450285e-06
-0.656679 2.15227911e-06
-0.656176 2.16994163e-06
-0.655673 2.18748774e-06
-0.655171 2.20491480e-06
-0.654668 2.22222019e-06
-0.654165 2.23940133e-06
-0.653663 2.25645565e-06
-0.653160 2.27338065e-06
-0.652657 2.29017380e-06
-0.652155 2.30683266e-06
-0.651652 2.32335479e-06
-0.651149 2.33973778e-06
-0.650647 2.35597926e-06
-0.650144 2.37207689e-06
-0.649641 2.38802836e-06
-0.649139 2.40383138e-06
-0.648636 2.41948373e-06
-0.648133 2.43498318e-06
-0.647631 2.45032755e-06
-0.647128 2.46551470e-06
-0.646625 2.48054250e-06
-0.646123 2.49540890e-06
-0.645620 2.51011182e-06
-0.645117 2.52464926e-06
-0.644615 2.53901925e-06
-0.644112 2.55321983e-06
-0.643609 2.56724910e-06
-0.643107 2.58110517e-06
-0.642604 2.59478621e-06
-0.642101 2.60829040e-06
-0.641599 2.62161598e-06
-0.641096 2.63476121e-06
-0.640593 2.64772438e-06
-0.640091 2.66050384e-06
-0.639588 2.67309794e-06
-0.639085 2.68550508e-06
-0.638583 2.69772372e-06
-0.638080 2.70975232e-06
-0.637577 2.72158940e-06
-0.637075 2.73323350e-06
-0.636572 2.74468320e-06
-0.636069 2.75593712e-06
-0.635567 2.76699393e-06
-0.635064 2.77785229e-06
-0.634561 2.78851096e-06
-0.634059 2.79896868e-06
-0.633556 2.80922426e-06
-0.633053 2.81927653e-06
-0.632551 2.82912436e-06
-0.632048 2.83876667e-06
-0.631545 2.84820239e-06
-0.631043 2.85743051e-06
-0.630540 2.86645004e-06
-0.630037 2.87526004e-06
-0.629535 2.88385960e-06
-0.629032 2.89224784e-06
-0.628529 2.90042393e-06
-0.628027 2.90838706e-06
-0.627524 2.91613647e-06
-0.627021 2.92367144e-06
-0.626519 2.93099125e-06
-0.626016 2.93809527e-06
-0.625513 2.94498286e-06
-0.625011 2.95165345e-06
-0.624508 2.95810648e-06
-0.624005 2.96434144e-06
-0.623503 2.97035786e-06
-0.623000 2.97615528e-06
-0.622497 2.98173331e-06
-0.621995 2.98709157e-06
-0.621492 2.99222973e-06
-0.620989 2.99714748e-06
-0.620487 3.00184457e-06
-0.619984 3.00632075e-06
-0.619481 3.01057583e-06
-0.618979 3.01460966e-06
-0.618476 3.01842210e-06
-0.617973 3.02201307e-06
-0.617471 3.02538250e-06
-0.616968 3.02853037e-06
-0.616465 3.03145669e-06
-0.615963 3.03416151e-06
-0.615460 3.03664490e-06
-0.614957 3.03890698e-06
-0.614455 3.04094789e-06
-0.613952 3.04276780e-06
-0.613449 3.04436693e-06
-0.612947 3.04574553e-06
-0.612444 3.04690386e-06
-0.611941 3.04784224e-06
-0.611439 3.04856101e-06
-0.610936 3.04906053e-06
-0.610433 3.04934122e-06
-0.609931 3.04940351e-06
-0.609428 3.04924787e-06
-0.608925 3.04887480e-06
-0.608423 3.04828482e-06
-0.607920 3.04747850e-06
-0.607417 3.04645643e-06
-0.606915 3.04521923e-06
-0.606412 3.04376755e-06
-0.605909 3.04210207e-06
-0.605407 3.04022350e-06
-0.604904 3.03813259e-06
-0.604401 3.03583009e-06
-0.603899 3.03331682e-06
-0.603396 3.03059359e-06
-0.602893 3.02766126e-06
-0.602391 3.02452071e-06
-0.601888 3.02117285e-06
-0.601385 3.01761862e-06
-0.600883 3.01385899e-06
-0.600380 3.00989494e-06
-0.599877 3.00572750e-06
-0.599375 3.00135771e-06
-0.598872 2.99678664e-06
-0.598369 2.99201539e-06
-0.597867 2.98704507e-06
-0.597364 2.98187685e-06
-0.596861 2.97651189e-06
-0.596359 2.97095138e-06
-0.595856 2.96519655e-06
-0.595353 2.95924865e-06
-0.594851 2.95310894e-06
-0.594348 2.94677872e-06
-0.593845 2.94025930e-06
-0.593343 2.93355202e-06
-0.592840 2.92665825e-06
-0.592337 2.91957936e-06
-0.591835 2.91231676e-06
-0.591332 2.90487188e-06
-0.590829 2.89724617e-06
-0.590327 2.88944109e-06
-0.589824 2.88145814e-06
-0.589321 2.87329882e-06
-0.588819 2.86496467e-06
-0.588316 2.85645723e-06
-0.587813 2.84777808e-06
-0.587311 2.83892880e-06
-0.586808 2.82991100e-06
-0.586305 2.82072630e-06
-0.585803 2.81137635e-06
-0.585300 2.80186281e-06
-0.584797 2.79218735e-06
-0.584295 2.78235167e-06
-0.583792 2.77235748e-06
-0.583289 2.76220652e-06
-0.582787 2.75190051e-06
-0.582284 2.74144123e-06
-0.581781 2.73083045e-06
-0.581279 2.72006996e-06
-0.580776 2.70916156e-06
-0.580273 2.69810707e-06
-0.579771 2.68690833e-06
-0.579268 2.67556717e-06
-0.578765 2.66408547e-06
-0.578263 2.65246509e-06
-0.577760 2.64070792e-06
-0.577257 2.62881586e-06
-0.576755 2.61679080e-06
-0.576252 2.60463469e-06
-0.575749 2.59234944e-06
-0.575247 2.57993701e-06
-0.574744 2.56739934e-06
-0.574241 2.55473839e-06
-0.573739 2.54195615e-06
-0.573236 2.52905459e-06
-0.572733 2.51603571e-06
-0.572231 2.50290151e-06
-0.571728 2.48965399e-06
-0.571225 2.47629518e-06
-0.570723 2.46282710e-06
-0.570220 2.44925178e-06
-0.569717 2.43557126e-06
-0.569215 2.42178759e-06
-0.568712 2.40790282e-06
-0.568209 2.39391902e-06
-0.567707 2.37983824e-06
-0.567204 2.36566255e-06
-0.566701 2.35139404e-06
-0.566199 2.33703478e-06
-0.565696 2.32258685e-06
-0.565193 2.30805235e-06
-0.564691 2.29343337e-06
-0.564188 2.27873200e-06
-0.563685 2.26395034e-06
-0.563183 2.24909049e-06
-0.562680 2.23415456e-06
-0.562177 2.21914465e-06
-0.561675 2.20406287e-06
-0.561172 2.18891133e-06
-0.560669 2.17369214e-06
-0.560167 2.15840741e-06
-0.559664 2.14305926e-06
-0.559161 2.12764979e-06
-0.558659 2.11218111e-06
-0.558156 2.09665534e-06
-0.557653 2.08107459e-06
-0.557151 2.06544096e-06
-0.556648 2.04975657e-06
-0.556145 2.03402352e-06
-0.555643 2.01824391e-06
-0.555140 2.00241984e-06
-0.554637 1.98655342e-06
-0.554135 1.97064674e-06
-0.553632 1.95470190e-06
-0.553129 1.93872097e-06
-0.552627 1.92270606e-06
-0.552124 1.90665923e-06
-0.551621 1.89058257e-06
-0.551119 1.87447814e-06
-0.550616 1.85834802e-06
-0.550113 1.84219426e-06
-0.549611 1.82601893e-06
-0.549108 1.80982407e-06
-0.548605 1.79361172e-06
-0.548103 1.77738393e-06
-0.547600 1.76114272e-06
-0.547097 1.74489012e-06
-0.546595 1.72862814e-06
-0.546092 1.71235880e-06
-0.545589 1.69608410e-06
-0.545087 1.67980602e-06
-0.544584 1.66352656e-06
-0.544081 1.64724768e-06
-0.543579 1.63097136e-06
-0.543076 1.61469956e-06
-0.542573 1.59843422e-06
-0.542071 1.58217728e-06
-0.541568 1.56593068e-06
-0.541065 1.54969633e-06
-0.540563 1.53347614e-06
-0.540060 1.51727201e-06
-0.539557 1.50108583e-06
-0.539055 1.48491947e-06
-0.538552 1.46877480e-06
-0.538049 1.45265367e-06
-0.537547 1.43655793e-06
-0.537044 1.42048941e-06
-0.536541 1.40444991e-06
-0.536039 1.38844126e-06
-0.535536 1.37246524e-06
-0.535033 1.35652363e-06
-0.534531 1.34061819e-06
-0.534028 1.32475069e-06
-0.533525 1.30892286e-06
-0.533023 1.29313643e-06
-0.532520 1.27739311e-06
-0.532017 1.26169460e-06
-0.531515 1.24604258e-06
-0.531012 1.23043873e-06
-0.530509 1.21488470e-06
-0.530007 1.19938213e-06
-0.529504 1.18393264e-06
-0.529001 1.16853785e-06
-0.528499 1.15319935e-06
-0.527996 1.13791872e-06
-0.527493 1.12269753e-06
-0.526991 1.10753732e-06
-0.526488 1.09243962e-06
-0.525985 1.07740595e-06
-0.525483 1.06243781e-06
-0.524980 1.04753668e-06
-0.524477 1.03270403e-06
-0.523975 1.01794131e-06
-0.523472 1.00324995e-06
-0.522969 9.88631361e-07
-0.522467 9.74086948e-07
-0.521964 9.59618090e-07
-0.521461 9.45226149e-07
-0.520959 9.30912473e-07
-0.520456 9.16678388e-07
-0.519953 9.02525205e-07
-0.519451 8.88454216e-07
-0.518948 8.74466695e-07
-0.518445 8.60563898e-07
-0.517943 8.46747063e-07
-0.517440 8.33017409e-07
-0.516937 8.19376135e-07
-0.516435 8.05824425e-07
-0.515932 7.92363441e-07
-0.515429 7.78994328e-07
-0.514927 7.65718210e-07
-0.514424 7.52536195e-07
-0.513921 7.39449370e-07
-0.513419 7.26458803e-07
-0.512916 7.13565542e-07
-0.512413 7.00770618e-07
-0.511911 6.88075040e-07
-0.511408 6.75479799e-07
-0.510905 6.62985866e-07
-0.510403 6.50594192e-07
-0.509900 6.38305710e-07
-0.509397 6.26121332e-07
-0.508895 6.14041949e-07
-0.508392 6.02068434e-07
-0.507889 5.90201640e-07
-0.507387 5.78442399e-07
-0.506884 5.66791525e-07
-0.506381 5.55249809e-07
-0.505879 5.43818025e-07
-0.505376 5.32496924e-07
-0.504873 5.21287240e-07
-0.504371 5.10189685e-07
-0.503868 4.99204950e-07
-0.503365 4.88333709e-07
-0.502863 4.77576611e-07
-0.502360 4.66934290e-07
-0.501857 4.56407357e-07
-0.501355 4.45996402e-07
-0.500852 4.35701996e-07
-0.500349 4.25524691e-07
-0.499847 4.15465016e-07
-0.499344 4.05523482e-07
-0.498841 3.95700578e-07
-0.498339 3.85996775e-07
-0.497836 3.76412522e-07
-0.497333 3.66948248e-07
-0.496831 3.57604362e-07
-0.496328 3.48381254e-07
-0.495825 3.39279292e-07
-0.495323 3.30298826e-07
-0.494820 3.21440183e-07
-0.494317 3.12703673e-07
-0.493815 3.04089583e-07
-0.493312 2.95598184e-07
-0.492809 2.87229723e-07
-0.492307 2.78984430e-07
-0.491804 2.70862514e-07
-0.491301 2.62864163e-07
-0.490799 2.54989548e-07
-0.490296 2.47238818e-07
-0.489793 2.39612103e-07
-0.489291 2.32109515e-07
-0.488788 2.24731144e-07
-0.488285 2.17477062e-07
-0.487783 2.10347322e-07
-0.487280 2.03341956e-07
-0.486777 1.96460979e-07
-0.486275 1.89704384e-07
-0.485772 1.83072148e-07
-0.485269 1.76564228e-07
-0.484767 1.70180560e-07
-0.484264 1.63921065e-07
-0.483761 1.57785641e-07
-0.483259 1.51774171e-07
-0.482756 1.45886518e-07
-0.482253 1.40122525e-07
-0.481751 1.34482020e-07
-0.481248 1.28964810e-07
-0.480745 1.23570684e-07
-0.480243 1.18299415e-07
-0.479740 1.13150756e-07
-0.479237 1.08124443e-07
-0.478735 1.03220194e-07
-0.478232 9.84377099e-08
-0.477729 9.37766734e-08
-0.477227 8.92367504e-08
-0.476724 8.48175891e-08
-0.476221 8.05188208e-08
-0.475719 7.63400598e-08
-0.475216 7.22809034e-08
-0.474713 6.83409322e-08
-0.474211 6.45197103e-08
-0.473708 6.08167849e-08
-0.473205 5.72316874e-08
-0.472703 5.37639324e-08
-0.472200 5.04130189e-08
-0.471697 4.71784297e-08
-0.471195 4.40596318e-08
-0.470692 4.10560766e-08
-0.470189 3.81671999e-08
-0.469687 3.53924223e-08
-0.469184 3.27311490e-08
-0.468681 3.01827702e-08
-0.468179 2.77466613e-08
-0.467676 2.54221827e-08
-0.467173 2.32086805e-08
-0.466671 2.11054859e-08
-0.466168 1.91119164e-08
-0.465665 1.72272749e-08
-0.465163 1.54508505e-08
-0.464660 1.37819186e-08
-0.464157 1.22197408e-08
-0.463655 1.07635653e-08
-0.463152 9.41262713e-09
-0.462649 8.16614799e-09
-0.462147 7.02333674e-09
-0.461644 5.98338943e-09
-0.461141 5.04548950e-09
-0.460639 4.20880797e-09
-0.460136 3.47250360e-09
-0.459633 2.83572308e-09
-0.459131 2.29760119e-09
-0.458628 1.85726100e-09
-0.458125 1.51381406e-09
-0.457623 1.26636055e-09
-0.457120 1.11398949e-09
-0.456617 1.05577892e-09
-0.456115 1.09079608e-09
-0.455612 1.21809762e-09
-0.455109 1.43672974e-09
-0.454607 1.74572846e-09
-0.454104 2.14411970e-09
-0.453601 2.63091959e-09
-0.453099 3.20513456e-09
-0.452596 3.86576161e-09
-0.452093 4.61178846e-09
-0.451591 5.44219376e-09
-0.451088 6.35594728e-09
-0.450585 7.35201011e-09
-0.450083 8.42933486e-09
-0.449580 9.58686586e-09
-0.449077 1.08235393e-08
-0.448575 1.21382837e-08
-0.448072 1.35300195e-08
-0.447569 1.49976600e-08
-0.447067 1.65401110e-08
-0.446564 1.81562715e-08
-0.446061 1.98450332e-08
-0.445559 2.16052816e-08
-0.445056 2.34358952e-08
-0.444553 2.53357467e-08
-0.444051 2.73037025e-08
-0.443548 2.93386231e-08
-0.443045 3.14393635e-08
-0.442543 3.36047731e-08
-0.442040 3.58336961e-08
-0.441537 3.81249717e-08
-0.441035 4.04774342e-08
-0.440532 4.28899134e-08
-0.440029 4.53612345e-08
-0.439527 4.78902185e-08
-0.439024 5.04756825e-08
-0.438521 5.31164398e-08
-0.438019 5.58113000e-08
-0.437516 5.85590693e-08
-0.437013 6.13585508e-08
-0.436511 6.42085446e-08
-0.436008 6.71078481e-08
-0.435505 7.00552558e-08
-0.435003 7.30495604e-08
-0.434500 7.60895519e-08
-0.433997 7.91740187e-08
-0.433495 8.23017473e-08
-0.432992 8.54715228e-08
-0.432489 8.86821289e-08
-0.431987 9.19323480e-08
-0.431484 9.52209619e-08
-0.430981 9.85467515e-08
-0.430479 1.01908497e-07
-0.429976 1.05304979e-07
-0.429473 1.08734977e-07
-0.428971 1.12197272e-07
-0.428468 1.15690644e-07
-0.427965 1.19213873e-07
-0.427463 1.22765741e-07
-0.426960 1.26345032e-07
-0.426457 1.29950528e-07
-0.425955 1.33581015e-07
-0.425452 1.37235279e-07
-0.424949 1.40912108e-07
-0.424447 1.44610292e-07
-0.423944 1.48328624e-07
-0.423441 1.52065898e-07
-0.422939 1.55820912e-07
-0.422436 1.59592464e-07
-0.421933 1.63379357e-07
-0.421431 1.67180398e-07
-0.420928 1.70994395e-07
-0.420425 1.74820160e-07
-0.419923 1.78656509e-07
-0.419420 1.82502264e-07
-0.418917 1.86356246e-07
-0.418415 1.90217286e-07
-0.417912 1.94084214e-07
-0.417409 1.97955869e-07
-0.416907 2.01831093e-07
-0.416404 2.05708732e-07
-0.415901 2.09587639e-07
-0.415399 2.13466671e-07
-0.414896 2.17344691e-07
-0.414393 2.21220567e-07
-0.413891 2.25093175e-07
-0.413388 2.28961396e-07
-0.412885 2.32824115e-07
-0.412383 2.36680226e-07
-0.411880 2.40528630e-07
-0.411377 2.44368232e-07
-0.410875 2.48197946e-07
-0.410372 2.52016693e-07
-0.409869 2.55823401e-07
-0.409367 2.59617006e-07
-0.408864 2.63396449e-07
-0.408361 2.67160682e-07
-0.407859 2.70908664e-07
-0.407356 2.74639362e-07
-0.406853 2.78351750e-07
-0.406351 2.82044811e-07
-0.405848 2.85717539e-07
-0.405345 2.89368933e-07
-0.404843 2.92998003e-07
-0.404340 2.96603769e-07
-0.403837 3.00185257e-07
-0.403335 3.03741505e-07
-0.402832 3.07271560e-07
-0.402329 3.10774478e-07
-0.401827 3.14249325e-07
-0.401324 3.17695177e-07
-0.400821 3.21111121e-07
-0.400319 3.24496252e-07
-0.399816 3.27849678e-07
-0.399313 3.31170516e-07
-0.398811 3.34457893e-07
-0.398308 3.37710947e-07
-0.397805 3.40928830e-07
-0.397303 3.44110700e-07
-0.396800 3.47255729e-07
-0.396297 3.50363102e-07
-0.395795 3.53432010e-07
-0.395292 3.56461662e-07
-0.394789 3.59451273e-07
-0.394287 3.62400073e-07
-0.393784 3.65307304e-07
-0.393281 3.68172219e-07
-0.392779 3.70994082e-07
-0.392276 3.73772171e-07
-0.391773 3.76505776e-07
-0.391271 3.79194200e-07
-0.390768 3.81836757e-07
-0.390265 3.84432774e-07
-0.389763 3.86981591e-07
-0.389260 3.89482563e-07
-0.388757 3.91935054e-07
-0.388255 3.94338445e-07
-0.387752 3.96692126e-07
-0.387249 3.98995504e-07
-0.386747 4.01247998e-07
-0.386244 4.03449039e-07
-0.385741 4.05598074e-07
-0.385239 4.07694561e-07
-0.384736 4.09737974e-07
-0.384233 4.11727800e-07
-0.383731 4.13663538e-07
-0.383228 4.15544704e-07
-0.382725 4.17370827e-07
-0.382223 4.19141448e-07
-0.381720 4.20856124e-07
-0.381217 4.22514426e-07
-0.380715 4.24115940e-07
-0.380212 4.25660265e-07
-0.379709 4.27147014e-07
-0.379207 4.28575815e-07
-0.378704 4.29946313e-07
-0.378201 4.31258163e-07
-0.377699 4.32511039e-07
-0.377196 4.33704626e-07
-0.376693 4.34838625e-07
-0.376191 4.35912754e-07
-0.375688 4.36926742e-07
-0.375185 4.37880336e-07
-0.374683 4.38773296e-07
-0.374180 4.39605397e-07
-0.373677 4.40376430e-07
-0.373175 4.41086201e-07
-0.372672 4.41734530e-07
-0.372169 4.42321252e-07
-0.371667 4.42846219e-07
-0.371164 4.43309295e-07
-0.370661 4.43710361e-07
-0.370159 4.44049314e-07
-0.369656 4.44326065e-07
-0.369153 4.44540540e-07
-0.368651 4.44692680e-07
-0.368148 4.44782442e-07
-0.367645 4.44809798e-07
-0.367143 4.44774735e-07
-0.366640 4.44677255e-07
-0.366137 4.44517376e-07
-0.365635 4.44295131e-07
-0.365132 4.44010568e-07
-0.364629 4.43663749e-07
-0.364127 4.43254754e-07
-0.363624 4.42783675e-07
-0.363121 4.42250623e-07
-0.362619 4.41655719e-07
-0.362116 4.40999105e-07
-0.361613 4.40280934e-07
-0.361111 4.39501375e-07
-0.360608 4.38660613e-07
-0.360105 4.37758848e-07
-0.359603 4.36796294e-07
-0.359100 4.35773181e-07
-0.358597 4.34689754e-07
-0.358095 4.33546272e-07
-0.357592 4.32343010e-07
-0.357089 4.31080256e-07
-0.356587 4.29758317e-07
-0.356084 4.28377510e-07
-0.355581 4.26938169e-07
-0.355079 4.25440644e-07
-0.354576 4.23885296e-07
-0.354073 4.22272505e-07
-0.353571 4.20602663e-07
-0.353068 4.18876176e-07
-0.352565 4.17093466e-07
-0.352063 4.15254969e-07
-0.351560 4.13361135e-07
-0.351057 4.11412429e-07
-0.350555 4.09409328e-07
-0.350052 4.07352327e-07
-0.349549 4.05241931e-07
-0.349047 4.03078661e-07
-0.348544 4.00863053e-07
-0.348041 3.98595656e-07
-0.347539 3.96277030e-07
-0.347036 3.93907754e-07
-0.346533 3.91488416e-07
-0.346031 3.89019619e-07
-0.345528 3.86501981e-07
-0.345025 3.83936132e-07
-0.344523 3.81322715e-07
-0.344020 3.78662386e-07
-0.343517 3.75955816e-07
-0.343015 3.73203687e-07
-0.342512 3.70406695e-07
-0.342009 3.67565547e-07
-0.341507 3.64680965e-07
-0.341004 3.61753684e-07
-0.340501 3.58784448e-07
-0.339999 3.55774017e-07
-0.339496 3.52723161e-07
-0.338993 3.49632663e-07
-0.338491 3.46503319e-07
-0.337988 3.43335936e-07
-0.337485 3.40131332e-07
-0.336983 3.36890338e-07
-0.336480 3.33613796e-07
-0.335977 3.30302560e-07
-0.335475 3.26957495e-07
-0.334972 3.23579477e-07
-0.334469 3.20169393e-07
-0.333967 3.16728142e-07
-0.333464 3.13256632e-07
-0.332961 3.09755785e-07
-0.332459 3.06226529e-07
-0.331956 3.02669807e-07
-0.331453 2.99086569e-07
-0.330951 2.95477777e-07
-0.330448 2.91844402e-07
-0.329945 2.88187425e-07
-0.329443 2.84507838e-07
-0.328940 2.80806641e-07
-0.328437 2.77084844e-07
-0.327935 2.73343468e-07
-0.327432 2.69583540e-07
-0.326929 2.65806098e-07
-0.326427 2.62012189e-07
-0.325924 2.58202867e-07
-0.325421 2.54379198e-07
-0.324919 2.50542253e-07
-0.324416 2.46693112e-07
-0.323913 2.42832865e-07
-0.323411 2.38962607e-07
-0.322908 2.35083443e-07
-0.322405 2.31196485e-07
-0.321903 2.27302852e-07
-0.321400 2.23403671e-07
-0.320897 2.19500076e-07
-0.320395 2.15593207e-07
-0.319892 2.11684212e-07
-0.319389 2.07774245e-07
-0.318887 2.03864467e-07
-0.318384 1.99956044e-07
-0.317881 1.96050149e-07
-0.317379 1.92147962e-07
-0.316876 1.88250667e-07
-0.316373 1.84359454e-07
-0.315871 1.80475518e-07
-0.315368 1.76600061e-07
-0.314865 1.72734288e-07
-0.314363 1.68879411e-07
-0.313860 1.65036644e-07
-0.313357 1.61207207e-07
-0.312855 1.57392325e-07
-0.312352 1.53593226e-07
-0.311849 1.49811143e-07
-0.311347 1.46047311e-07
-0.310844 1.42302970e-07
-0.310341 1.38579363e-07
-0.309839 1.34877736e-07
-0.309336 1.31199340e-07
-0.308833 1.27545424e-07
-0.308331 1.23917246e-07
-0.307828 1.20316061e-07
-0.307325 1.16743129e-07
-0.306823 1.13199712e-07
-0.306320 1.09687072e-07
-0.305817 1.06206476e-07
-0.305315 1.02759189e-07
-0.304812 9.93464792e-08
-0.304309 9.59696156e-08
-0.303807 9.26298678e-08
-0.303304 8.93285065e-08
-0.302801 8.60668026e-08
-0.302299 8.28460273e-08
-0.301796 7.96674522e-08
-0.301293 7.65323485e-08
-0.300791 7.34419873e-08
-0.300288 7.03976391e-08
-0.299785 6.74005739e-08
-0.299283 6.44520605e-08
-0.298780 6.15533670e-08
-0.298277 5.87057599e-08
-0.297775 5.59105044e-08
-0.297272 5.31688640e-08
-0.296769 5.04821004e-08
-0.296267 4.78514730e-08
-0.295764 4.52782390e-08
-0.295261 4.27636533e-08
-0.294759 4.03089679e-08
-0.294256 3.79154321e-08
-0.293753 3.55842919e-08
-0.293251 3.33167903e-08
-0.292748 3.11141665e-08
-0.292245 2.89776563e-08
-0.291743 2.69084915e-08
-0.291240 2.49078998e-08
-0.290737 2.29771046e-08
-0.290235 2.11173250e-08
-0.289732 1.93297751e-08
-0.289229 1.76156643e-08
-0.288727 1.59761971e-08
-0.288224 1.44125723e-08
-0.287721 1.29259837e-08
-0.287219 1.15176189e-08
-0.286716 1.01886601e-08
-0.286213 8.94028319e-09
-0.285711 7.77365778e-09
-0.285208 6.68994708e-09
-0.284705 5.69030761e-09
-0.284203 4.77588903e-09
-0.283700 3.94783393e-09
-0.283197 3.20727768e-09
-0.282695 2.55534816e-09
-0.282192 1.99316565e-09
-0.281689 1.52184256e-09
-0.281187 1.14248329e-09
-0.280684 8.56184011e-10
-0.280181 6.64032487e-10
-0.279679 5.67107872e-10
-0.279176 5.66480528e-10
-0.278673 6.63211832e-10
-0.278171 8.58353985e-10
-0.277668 1.15294983e-09
-0.277165 1.54803265e-09
-0.276663 2.04462601e-09
-0.276160 2.64374354e-09
-0.275657 3.34638876e-09
-0.275155 4.15355490e-09
-0.274652 5.06622473e-09
-0.274149 6.08537034e-09
-0.273647 7.21195300e-09
-0.273144 8.44692295e-09
-0.272641 9.79121924e-09
-0.272139 1.12457695e-08
-0.271636 1.28114899e-08
-0.271133 1.44892848e-08
-0.270631 1.62800467e-08
-0.270128 1.81846560e-08
-0.269625 2.02039808e-08
-0.269123 2.23388769e-08
-0.268620 2.45901874e-08
-0.268117 2.69587426e-08
-0.267615 2.94453599e-08
-0.267112 3.20508438e-08
-0.266609 3.47759853e-08
-0.266107 3.76215620e-08
-0.265604 4.05883380e-08
-0.265101 4.36770636e-08
-0.264599 4.68884751e-08
-0.264096 5.02232949e-08
-0.263593 5.36822310e-08
-0.263091 5.72659772e-08
-0.262588 6.09752126e-08
-0.262085 6.48106017e-08
-0.261583 6.87727940e-08
-0.261080 7.28624242e-08
-0.260577 7.70801119e-08
-0.260075 8.14264611e-08
-0.259572 8.59020606e-08
-0.259069 9.05074837e-08
-0.258567 9.52432877e-08
-0.258064 1.00110014e-07
-0.257561 1.05108189e-07
-0.257059 1.10238321e-07
-0.256556 1.15500905e-07
-0.256053 1.20896415e-07
-0.255551 1.26425314e-07
-0.255048 1.32088044e-07
-0.254545 1.37885032e-07
-0.254043 1.43816688e-07
-0.253540 1.49883405e-07
-0.253037 1.56085559e-07
-0.252535 1.62423507e-07
-0.252032 1.68897591e-07
-0.251529 1.75508134e-07
-0.251027 1.82255442e-07
-0.250524 1.89139803e-07
-0.250021 1.96161487e-07
-0.249519 2.03320747e-07
-0.249016 2.10617816e-07
-0.248513 2.18052910e-07
-0.248011 2.25626227e-07
-0.247508 2.33337946e-07
-0.247005 2.41188227e-07
-0.246503 2.49177214e-07
-0.246000 2.57305029e-07
-0.245497 2.65571777e-07
-0.244995 2.73977544e-07
-0.244492 2.82522397e-07
-0.243989 2.91206383e-07
-0.243487 3.00029531e-07
-0.242984 3.08991852e-07
-0.242481 3.18093334e-07
-0.241979 3.27333948e-07
-0.241476 3.36713647e-07
-0.240973 3.46232362e-07
-0.240471 3.55890005e-07
-0.239968 3.65686469e-07
-0.239465 3.75621627e-07
-0.238963 3.85695332e-07
-0.238460 3.95907417e-07
-0.237957 4.06257696e-07
-0.237455 4.16745962e-07
-0.236952 4.27371989e-07
-0.236449 4.38135529e-07
-0.235947 4.49036317e-07
-0.235444 4.60074065e-07
-0.234941 4.71248466e-07
-0.234439 4.82559193e-07
-0.233936 4.94005898e-07
-0.233433 5.05588214e-07
-0.232931 5.17305751e-07
-0.232428 5.29158102e-07
-0.231925 5.41144837e-07
-0.231423 5.53265506e-07
-0.230920 5.65519640e-07
-0.230417 5.77906747e-07
-0.229915 5.90426318e-07
-0.229412 6.03077820e-07
-0.228909 6.15860701e-07
-0.228407 6.28774389e-07
-0.227904 6.41818290e-07
-0.227401 6.54991791e-07
-0.226899 6.68294256e-07
-0.226396 6.81725032e-07
-0.225893 6.95283443e-07
-0.225391 7.08968792e-07
-0.224888 7.22780363e-07
-0.224385 7.36717419e-07
-0.223883 7.50779201e-07
-0.223380 7.64964932e-07
-0.222877 7.79273813e-07
-0.222375 7.93705025e-07
-0.221872 8.08257727e-07
-0.221369 8.22931060e-07
-0.220867 8.37724143e-07
-0.220364 8.52636075e-07
-0.219861 8.67665934e-07
-0.219359 8.82812780e-07
-0.218856 8.98075649e-07
-0.218353 9.13453561e-07
-0.217851 9.28945512e-07
-0.217348 9.44550480e-07
-0.216845 9.60267423e-07
-0.216343 9.76095277e-07
-0.215840 9.92032960e-07
-0.215337 1.00807937e-06
-0.214835 1.02423339e-06
-0.214332 1.04049386e-06
-0.213829 1.05685964e-06
-0.213327 1.07332953e-06
-0.212824 1.08990235e-06
-0.212321 1.10657686e-06
-0.211819 1.12335182e-06
-0.211316 1.14022599e-06
-0.210813 1.15719807e-06
-0.210311 1.17426677e-06
-0.209808 1.19143077e-06
-0.209305 1.20868875e-06
-0.208803 1.22603933e-06
-0.208300 1.24348115e-06
-0.207797 1.26101282e-06
-0.207295 1.27863292e-06
-0.206792 1.29634003e-06
-0.206289 1.31413269e-06
-0.205787 1.33200945e-06
-0.205284 1.34996881e-06
-0.204781 1.36800927e-06
-0.204279 1.38612932e-06
-0.203776 1.40432741e-06
-0.203273 1.42260198e-06
-0.202771 1.44095148e-06
-0.202268 1.45937429e-06
-0.201765 1.47786882e-06
-0.201263 1.49643344e-06
-0.200760 1.51506651e-06
-0.200257 1.53376636e-06
-0.199755 1.55253132e-06
-0.199252 1.57135970e-06
-0.198749 1.59024979e-06
-0.198247 1.60919987e-06
-0.197744 1.62820818e-06
-0.197241 1.64727298e-06
-0.196739 1.66639248e-06
-0.196236 1.68556491e-06
-0.195733 1.70478845e-06
-0.195231 1.72406128e-06
-0.194728 1.74338158e-06
-0.194225 1.76274748e-06
-0.193723 1.78215713e-06
-0.193220 1.80160865e-06
-0.192717 1.82110013e-06
-0.192215 1.84062967e-06
-0.191712 1.86019536e-06
-0.191209 1.87979524e-06
-0.190707 1.89942738e-06
-0.190204 1.91908981e-06
-0.189701 1.93878054e-06
-0.189199 1.95849760e-06
-0.188696 1.97823898e-06
-0.188193 1.99800266e-06
-0.187691 2.01778661e-06
-0.187188 2.03758879e-06
-0.186685 2.05740715e-06
-0.186183 2.07723963e-06
-0.185680 2.09708415e-06
-0.185177 2.11693861e-06
-0.184675 2.13680093e-06
-0.184172 2.15666899e-06
-0.183669 2.17654068e-06
-0.183167 2.19641385e-06
-0.182664 2.21628637e-06
-0.182161 2.23615608e-06
-0.181659 2.25602083e-06
-0.181156 2.27587845e-06
-0.180653 2.29572674e-06
-0.180151 2.31556353e-06
-0.179648 2.33538661e-06
-0.179145 2.35519378e-06
-0.178643 2.37498282e-06
-0.178140 2.39475151e-06
-0.177637 2.41449761e-06
-0.177135 2.43421889e-06
-0.176632 2.45391309e-06
-0.176129 2.47357798e-06
-0.175627 2.49321127e-06
-0.175124 2.51281072e-06
-0.174621 2.53237404e-06
-0.174119 2.55189895e-06
-0.173616 2.57138317e-06
-0.173113 2.59082440e-06
-0.172611 2.61022036e-06
-0.172108 2.62956873e-06
-0.171605 2.64886722e-06
-0.171103 2.66811351e-06
-0.170600 2.68730529e-06
-0.170097 2.70644024e-06
-0.169595 2.72551604e-06
-0.169092 2.74453036e-06
-0.168589 2.76348087e-06
-0.168087 2.78236525e-06
-0.167584 2.80118116e-06
-0.167081 2.81992626e-06
-0.166579 2.83859821e-06
-0.166076 2.85719469e-06
-0.165573 2.87571334e-06
-0.165071 2.89415183e-06
-0.164568 2.91250781e-06
-0.164065 2.93077894e-06
-0.163563 2.94896289e-06
-0.163060 2.96705730e-06
-0.162557 2.98505985e-06
-0.162055 3.00296817e-06
-0.161552 3.02077995e-06
-0.161049 3.03849284e-06
-0.160547 3.05610450e-06
-0.160044 3.07361260e-06
-0.159541 3.09101482e-06
-0.159039 3.10830881e-06
-0.158536 3.12549226e-06
-0.158033 3.14256285e-06
-0.157531 3.15951825e-06
-0.157028 3.17635615e-06
-0.156525 3.19307425e-06
-0.156023 3.20967023e-06
-0.155520 3.22614180e-06
-0.155017 3.24248666e-06
-0.154515 3.25870253e-06
-0.154012 3.27478712e-06
-0.153509 3.29073815e-06
-0.153007 3.30655336e-06
-0.152504 3.32223048e-06
-0.152001 3.33776726e-06
-0.151499 3.35316144e-06
-0.150996 3.36841080e-06
-0.150493 3.38351309e-06
-0.149991 3.39846609e-06
-0.149488 3.41326760e-06
-0.148985 3.42791540e-06
-0.148483 3.44240731e-06
-0.147980 3.45674113e-06
-0.147477 3.47091469e-06
-0.146975 3.48492583e-06
-0.146472 3.49877239e-06
-0.145969 3.51245224e-06
-0.145467 3.52596325e-06
-0.144964 3.53930329e-06
-0.144461 3.55247026e-06
-0.143959 3.56546208e-06
-0.143456 3.57827665e-06
-0.142953 3.59091192e-06
-0.142451 3.60336582e-06
-0.141948 3.61563634e-06
-0.141445 3.62772143e-06
-0.140943 3.63961909e-06
-0.140440 3.65132734e-06
-0.139937 3.66284418e-06
-0.139435 3.67416765e-06
-0.138932 3.68529582e-06
-0.138429 3.69622675e-06
-0.137927 3.70695853e-06
-0.137424 3.71748925e-06
-0.136921 3.72781706e-06
-0.136419 3.73794007e-06
-0.135916 3.74785645e-06
-0.135413 3.75756439e-06
-0.134911 3.76706206e-06
-0.134408 3.77634769e-06
-0.133905 3.78541951e-06
-0.133403 3.79427578e-06
-0.132900 3.80291476e-06
-0.132397 3.81133476e-06
-0.131895 3.81953408e-06
-0.131392 3.82751107e-06
-0.130889 3.83526409e-06
-0.130387 3.84279150e-06
-0.129884 3.85009173e-06
-0.129381 3.85716318e-06
-0.128879 3.86400432e-06
-0.128376 3.87061360e-06
-0.127873 3.87698953e-06
-0.127371 3.88313063e-06
-0.126868 3.88903543e-06
-0.126365 3.89470251e-06
-0.125863 3.90013045e-06
-0.125360 3.90531788e-06
-0.124857 3.91026344e-06
-0.124355 3.91496579e-06
-0.123852 3.91942363e-06
-0.123349 3.92363569e-06
-0.122847 3.92760071e-06
-0.122344 3.93131747e-06
-0.121841 3.93478476e-06
-0.121339 3.93800143e-06
-0.120836 3.94096633e-06
-0.120333 3.94367835e-06
-0.119831 3.94613640e-06
-0.119328 3.94833943e-06
-0.118825 3.95028641e-06
-0.118323 3.95197635e-06
-0.117820 3.95340827e-06
-0.117317 3.95458126e-06
-0.116815 3.95549439e-06
-0.116312 3.95614680e-06
-0.115809 3.95653763e-06
-0.115307 3.95666609e-06
-0.114804 3.95653138e-06
-0.114301 3.95613277e-06
-0.113799 3.95546953e-06
-0.113296 3.95454098e-06
-0.112793 3.95334646e-06
-0.112291 3.95188537e-06
-0.111788 3.95015712e-06
-0.111285 3.94816116e-06
-0.110783 3.94589696e-06
-0.110280 3.94336405e-06
-0.109777 3.94056199e-06
-0.109275 3.93749035e-06
-0.108772 3.93414875e-06
-0.108269 3.93053687e-06
-0.107767 3.92665438e-06
-0.107264 3.92250102e-06
-0.106761 3.91807655e-06
-0.106259 3.91338077e-06
-0.105756 3.90841353e-06
-0.105253 3.90317468e-06
-0.104751 3.89766415e-06
-0.104248 3.89188189e-06
-0.103745 3.88582787e-06
-0.103243 3.87950213e-06
-0.102740 3.87290472e-06
-0.102237 3.86603574e-06
-0.101735 3.85889534e-06
-0.101232 3.85148368e-06
-0.100729 3.84380099e-06
-0.100227 3.83584752e-06
-0.099724 3.82762356e-06
-0.099221 3.81912945e-06
-0.098719 3.81036556e-06
-0.098216 3.80133230e-06
-0.097713 3.79203013e-06
-0.097211 3.78245954e-06
-0.096708 3.77262106e-06
-0.096205 3.76251527e-06
-0.095703 3.75214278e-06
-0.095200 3.74150425e-06
-0.094697 3.73060038e-06
-0.094195 3.71943191e-06
-0.093692 3.70799960e-06
-0.093189 3.69630430e-06
-0.092687 3.68434686e-06
-0.092184 3.67212819e-06
-0.091681 3.65964923e-06
-0.091179 3.64691098e-06
-0.090676 3.63391446e-06
-0.090173 3.62066076e-06
-0.089671 3.60715099e-06
-0.089168 3.59338632e-06
-0.088665 3.57936794e-06
-0.088163 3.56509710e-06
-0.087660 3.55057510e-06
-0.087157 3.53580326e-06
-0.086655 3.52078297e-06
-0.086152 3.50551563e-06
-0.085649 3.49000273e-06
-0.085147 3.47424576e-06
-0.084644 3.45824628e-06
-0.084141 3.44200588e-06
-0.083639 3.42552620e-06
-0.083136 3.40880893e-06
-0.082633 3.39185578e-06
-0.082131 3.37466855e-06
-0.081628 3.35724903e-06
-0.081125 3.33959909e-06
-0.080623 3.32172063e-06
-0.080120 3.30361561e-06
-0.079617 3.28528602e-06
-0.079115 3.26673389e-06
-0.078612 3.24796131e-06
-0.078109 3.22897040e-06
-0.077607 3.20976334e-06
-0.077104 3.19034234e-06
-0.076601 3.17070967e-06
-0.076099 3.15086762e-06
-0.075596 3.13081855e-06
-0.075093 3.11056486e-06
-0.074591 3.09010898e-06
-0.074088 3.06945340e-06
-0.073585 3.04860064e-06
-0.073083 3.02755328e-06
-0.072580 3.00631394e-06
-0.072077 2.98488528e-06
-0.071575 2.96327000e-06
-0.071072 2.94147085e-06
-0.070569 2.91949064e-06
-0.070067 2.89733220e-06
-0.069564 2.87499841e-06
-0.069061 2.85249221e-06
-0.068559 2.82981656e-06
-0.068056 2.80697447e-06
-0.067553 2.78396902e-06
-0.067051 2.76080331e-06
-0.066548 2.73748047e-06
-0.066045 2.71400371e-06
-0.065543 2.69037626e-06
-0.065040 2.66660139e-06
-0.064537 2.64268242e-06
-0.064035 2.61862273e-06
-0.063532 2.59442572e-06
-0.063029 2.57009483e-06
-0.062527 2.54563357e-06
-0.062024 2.52104547e-06
-0.061521 2.49633410e-06
-0.061019 2.47150309e-06
-0.060516 2.44655610e-06
-0.060013 2.42149684e-06
-0.059511 2.39632904e-06
-0.059008 2.37105650e-06
-0.058505 2.34568305e-06
-0.058003 2.32021256e-06
-0.057500 2.29464893e-06
-0.056997 2.26899613e-06
-0.056495 2.24325814e-06
-0.055992 2.21743900e-06
-0.055489 2.19154278e-06
-0.054987 2.16557358e-06
-0.054484 2.13953558e-06
-0.053981 2.11343295e-06
-0.053479 2.08726993e-06
-0.052976 2.06105079e-06
-0.052473 2.03477983e-06
-0.051971 2.00846141e-06
-0.051468 1.98209990e-06
-0.050965 1.95569973e-06
-0.050463 1.92926536e-06
-0.049960 1.90280129e-06
-0.049457 1.87631205e-06
-0.048955 1.84980221e-06
-0.048452 1.82327637e-06
-0.047949 1.79673919e-06
-0.047447 1.77019533e-06
-0.046944 1.74364951e-06
-0.046441 1.71710648e-06
-0.045939 1.69057102e-06
-0.045436 1.66404795e-06
-0.044933 1.63754211e-06
-0.044431 1.61105839e-06
-0.043928 1.58460171e-06
-0.043425 1.55817702e-06
-0.042923 1.53178930e-06
-0.042420 1.50544355e-06
-0.041917 1.47914484e-06
-0.041415 1.45289822e-06
-0.040912 1.42670881e-06
-0.040409 1.40058175e-06
-0.039907 1.37452220e-06
-0.039404 1.34853536e-06
-0.038901 1.32262644e-06
-0.038399 1.29680072e-06
-0.037896 1.27106345e-06
-0.037393 1.24541996e-06
-0.036891 1.21987558e-06
-0.036388 1.19443567e-06
-0.035885 1.16910562e-06
-0.035383 1.14389084e-06
-0.034880 1.11879676e-06
-0.034377 1.09382887e-06
-0.033875 1.06899263e-06
-0.033372 1.04429356e-06
-0.032869 1.01973720e-06
-0.032367 9.95329104e-07
-0.031864 9.71074843e-07
-0.031361 9.46980021e-07
-0.030859 9.23050257e-07
-0.030356 8.99291193e-07
-0.029853 8.75708488e-07
-0.029351 8.52307822e-07
-0.028848 8.29094893e-07
-0.028345 8.06075418e-07
-0.027843 7.83255129e-07
-0.027340 7.60639776e-07
-0.026837 7.38235127e-07
-0.026335 7.16046963e-07
-0.025832 6.94081081e-07
-0.025329 6.72343293e-07
-0.024827 6.50839423e-07
-0.024324 6.29575311e-07
-0.023821 6.08556806e-07
-0.023319 5.87789770e-07
-0.022816 5.67280079e-07
-0.022313 5.47033616e-07
-0.021811 5.27056274e-07
-0.021308 5.07353957e-07
-0.020805 4.87932577e-07
-0.020303 4.68798053e-07
-0.019800 4.49956312e-07
-0.019297 4.31413287e-07
-0.018795 4.13174916e-07
-0.018292 3.95247144e-07
-0.017789 3.77635917e-07
-0.017287 3.60347189e-07
-0.016784 3.43386913e-07
-0.016281 3.26761046e-07
-0.015779 3.10475546e-07
-0.015276 2.94536372e-07
-0.014773 2.78949482e-07
-0.014271 2.63720834e-07
-0.013768 2.48856385e-07
-0.013265 2.34362087e-07
-0.012763 2.20243891e-07
-0.012260 2.06507745e-07
-0.011757 1.93159590e-07
-0.011255 1.80205362e-07
-0.010752 1.67650992e-07
-0.010249 1.55502403e-07
-0.009747 1.43765510e-07
-0.009244 1.32446219e-07
-0.008741 1.21550427e-07
-0.008239 1.11084022e-07
-0.007736 1.01052879e-07
-0.007233 9.14628604e-08
-0.006731 8.23198180e-08
-0.006228 7.36295886e-08
-0.005725 6.53979947e-08
-0.005223 5.76308436e-08
-0.004720 5.03339264e-08
-0.004217 4.35130169e-08
-0.003715 3.71738712e-08
-0.003212 3.13222265e-08
-0.002709 2.59638005e-08
-0.002207 2.11042902e-08
-0.001704 1.67493712e-08
-0.001201 1.29046969e-08
-0.000699 9.57589731e-09
-0.000196 6.76857854e-09
0.000307 4.48832163e-09
0.000809 2.74068174e-09
0.001312 1.53118722e-09
0.001815 8.65338736e-10
0.002317 7.48608310e-10
0.002820 1.18643843e-09
0.003323 2.18424114e-09
0.003825 3.74739707e-09
0.004328 5.88125454e-09
0.004831 8.59112862e-09
0.005333 1.18823002e-08
0.005836 1.57600151e-08
0.006339 2.02294829e-08
0.006841 2.52958763e-08
0.007344 3.09643301e-08
0.007847 3.72399400e-08
0.008349 4.41277620e-08
0.008852 5.16328112e-08
0.009355 5.97600607e-08
0.009857 6.85144413e-08
0.010360 7.79008397e-08
0.010863 8.79240980e-08
0.011365 9.85890127e-08
0.011868 1.09900334e-07
0.012371 1.21862763e-07
0.012873 1.34480955e-07
0.013376 1.47759512e-07
0.013879 1.61702989e-07
0.014381 1.76315888e-07
0.014884 1.91602658e-07
0.015387 2.07567695e-07
0.015889 2.24215340e-07
0.016392 2.41549879e-07
0.016895 2.59575542e-07
0.017397 2.78296501e-07
0.017900 2.97716869e-07
0.018403 3.17840700e-07
0.018905 3.38671988e-07
0.019408 3.60214665e-07
0.019911 3.82472600e-07
0.020413 4.05449600e-07
0.020916 4.29149406e-07
0.021419 4.53575695e-07
0.021921 4.78732076e-07
0.022424 5.04622091e-07
0.022927 5.31249215e-07
0.023429 5.58616852e-07
0.023932 5.86728336e-07
0.024435 6.15586929e-07
0.024937 6.45195821e-07
0.025440 6.75558129e-07
0.025943 7.06676894e-07
0.026445 7.38555084e-07
0.026948 7.71195588e-07
0.027451 8.04601220e-07
0.027953 8.38774712e-07
0.028456 8.73718721e-07
0.028959 9.09435821e-07
0.029461 9.45928503e-07
0.029964 9.83199180e-07
0.030467 1.02125018e-06
0.030969 1.06008374e-06
0.031472 1.09970202e-06
0.031975 1.14010709e-06
0.032477 1.18130094e-06
0.032980 1.22328546e-06
0.033483 1.26606246e-06
0.033985 1.30963365e-06
0.034488 1.35400066e-06
0.034991 1.39916501e-06
0.035493 1.44512816e-06
0.035996 1.49189144e-06
0.036499 1.53945610e-06
0.037001 1.58782330e-06
0.037504 1.63699410e-06
0.038007 1.68696945e-06
0.038509 1.73775021e-06
0.039012 1.78933715e-06
0.039515 1.84173093e-06
0.040017 1.89493210e-06
0.040520 1.94894111e-06
0.041023 2.00375833e-06
0.041525 2.05938399e-06
0.042028 2.11581825e-06
0.042531 2.17306113e-06
0.043033 2.23111257e-06
0.043536 2.28997238e-06
0.044039 2.34964029e-06
0.044541 2.41011588e-06
0.045044 2.47139866e-06
0.045547 2.53348801e-06
0.046049 2.59638319e-06
0.046552 2.66008335e-06
0.047055 2.72458754e-06
0.047557 2.78989469e-06
0.048060 2.85600360e-06
0.048563 2.92291297e-06
0.049065 2.99062137e-06
0.049568 3.05912726e-06
0.050071 3.12842899e-06
0.050573 3.19852477e-06
0.051076 3.26941269e-06
0.051579 3.34109075e-06
0.052081 3.41355678e-06
0.052584 3.48680854e-06
0.053087 3.56084361e-06
0.053589 3.63565950e-06
0.054092 3.71125356e-06
0.054595 3.78762301e-06
0.055097 3.86476498e-06
0.055600 3.94267644e-06
0.056103 4.02135424e-06
0.056605 4.10079511e-06
0.057108 4.18099563e-06
0.057611 4.26195229e-06
0.058113 4.34366140e-06
0.058616 4.42611917e-06
0.059119 4.50932168e-06
0.059621 4.59326486e-06
0.060124 4.67794451e-06
0.060627 4.76335632e-06
0.061129 4.84949581e-06
0.061632 4.93635839e-06
0.062135 5.02393933e-06
0.062637 5.11223376e-06
0.063140 5.20123667e-06
0.063643 5.29094293e-06
0.064145 5.38134725e-06
0.064648 5.47244422e-06
0.065151 5.56422827e-06
0.065653 5.65669373e-06
0.066156 5.74983475e-06
0.066659 5.84364537e-06
0.067161 5.93811946e-06
0.067664 6.03325078e-06
0.068167 6.12903293e-06
0.068669 6.22545937e-06
0.069172 6.32252343e-06
0.069675 6.42021829e-06
0.070177 6.51853699e-06
0.070680 6.61747241e-06
0.071183 6.71701733e-06
0.071685 6.81716433e-06
0.072188 6.91790590e-06
0.072691 7.01923435e-06
0.073193 7.12114187e-06
0.073696 7.22362048e-06
0.074199 7.32666208e-06
0.074701 7.43025841e-06
0.075204 7.53440108e-06
0.075707 7.63908153e-06
0.076209 7.74429109e-06
0.076712 7.85002093e-06
0.077215 7.95626205e-06
0.077717 8.06300534e-06
0.078220 8.17024153e-06
0.078723 8.27796121e-06
0.079225 8.38615482e-06
0.079728 8.49481265e-06
0.080231 8.60392486e-06
0.080733 8.71348146e-06
0.081236 8.82347229e-06
0.081739 8.93388709e-06
0.082241 9.04471543e-06
0.082744 9.15594673e-06
0.083247 9.26757027e-06
0.083749 9.37957520e-06
0.084252 9.49195050e-06
0.084755 9.60468504e-06
0.085257 9.71776752e-06
0.085760 9.83118651e-06
0.086263 9.94493043e-06
0.086765 1.00589876e-05
0.087268 1.01733460e-05
0.087771 1.02879939e-05
0.088273 1.04029189e-05
0.088776 1.05181088e-05
0.089279 1.06335512e-05
0.089781 1.07492336e-05
0.090284 1.08651432e-05
0.090787 1.09812671e-05
0.091289 1.10975924e-05
0.091792 1.12141061e-05
0.092295 1.13307947e-05
0.092797 1.14476449e-05
0.093300 1.15646433e-05
0.093803 1.16817761e-05
0.094305 1.17990295e-05
0.094808 1.19163896e-05
0.095311 1.20338423e-05
0.095813 1.21513735e-05
0.096316 1.22689689e-05
0.096819 1.23866138e-05
0.097321 1.25042939e-05
0.097824 1.26219943e-05
0.098327 1.27397002e-05
0.098829 1.28573966e-05
0.099332 1.29750686e-05
0.099835 1.30927007e-05
0.100337 1.32102777e-05
0.100840 1.33277842e-05
0.101343 1.34452045e-05
0.101845 1.35625230e-05
0.102348 1.36797237e-05
0.102851 1.37967909e-05
0.103353 1.39137083e-05
0.103856 1.40304599e-05
0.104359 1.41470294e-05
0.104861 1.42634003e-05
0.105364 1.43795562e-05
0.105867 1.44954804e-05
0.106369 1.46111563e-05
0.106872 1.47265669e-05
0.107375 1.48416954e-05
0.107877 1.49565247e-05
0.108380 1.50710377e-05
0.108883 1.51852171e-05
0.109385 1.52990456e-05
0.109888 1.54125058e-05
0.110391 1.55255801e-05
0.110893 1.56382510e-05
0.111396 1.57505006e-05
0.111899 1.58623113e-05
0.112401 1.59736650e-05
0.112904 1.60845439e-05
0.113407 1.61949299e-05
0.113909 1.63048048e-05
0.114412 1.64141505e-05
0.114915 1.65229486e-05
0.115417 1.66311807e-05
0.115920 1.67388285e-05
0.116423 1.68458734e-05
0.116925 1.69522968e-05
0.117428 1.70580801e-05
0.117931 1.71632046e-05
0.118433 1.72676515e-05
0.118936 1.73714019e-05
0.119439 1.74744370e-05
0.119941 1.75767379e-05
0.120444 1.76782856e-05
0.120947 1.77790609e-05
0.121449 1.78790449e-05
0.121952 1.79782183e-05
0.122455 1.80765621e-05
0.122957 1.81740570e-05
0.123460 1.82706838e-05
0.123963 1.83664231e-05
0.124465 1.84612558e-05
0.124968 1.85551624e-05
0.125471 1.86481236e-05
0.125973 1.87401201e-05
0.126476 1.88311324e-05
0.126979 1.89211411e-05
0.127481 1.90101268e-05
0.127984 1.90980701e-05
0.128487 1.91849515e-05
0.128989 1.92707517e-05
0.129492 1.93554511e-05
0.129995 1.94390304e-05
0.130497 1.95214701e-05
0.131000 1.96027509e-05
0.131503 1.96828534e-05
0.132005 1.97617581e-05
0.132508 1.98394457e-05
0.133011 1.99158970e-05
0.133513 1.99910926e-05
0.134016 2.00650133e-05
0.134519 2.01376398e-05
0.135021 2.02089530e-05
0.135524 2.02789337e-05
0.136027 2.03475629e-05
0.136529 2.04148216e-05
0.137032 2.04806907e-05
0.137535 2.05451514e-05
0.138037 2.06081849e-05
0.138540 2.06697723e-05
0.139043 2.07298949e-05
0.139545 2.07885342e-05
0.140048 2.08456716e-05
0.140551 2.09012887e-05
0.141053 2.09553671e-05
0.141556 2.10078885e-05
0.142059 2.10588349e-05
0.142561 2.11081881e-05
0.143064 2.11559302e-05
0.143567 2.12020434e-05
0.144069 2.12465100e-05
0.144572 2.12893123e-05
0.145075 2.13304331e-05
0.145577 2.13698548e-05
0.146080 2.14075605e-05
0.146583 2.14435329e-05
0.147085 2.14777553e-05
0.147588 2.15102110e-05
0.148091 2.15408833e-05
0.148593 2.15697558e-05
0.149096 2.15968124e-05
0.149599 2.16220369e-05
0.150101 2.16454136e-05
0.150604 2.16669267e-05
0.151107 2.16865607e-05
0.151609 2.17043003e-05
0.152112 2.17201305e-05
0.152615 2.17340363e-05
0.153117 2.17460031e-05
0.153620 2.17560165e-05
0.154123 2.17640622e-05
0.154625 2.17701263e-05
0.155128 2.17741949e-05
0.155631 2.17762547e-05
0.156133 2.17762923e-05
0.156636 2.17742948e-05
0.157139 2.17702494e-05
0.157641 2.17641436e-05
0.158144 2.17559654e-05
0.158647 2.17457027e-05
0.159149 2.17333440e-05
0.159652 2.17188780e-05
0.160155 2.17022936e-05
0.160657 2.16835801e-05
0.161160 2.16627272e-05
0.161663 2.16397247e-05
0.162165 2.16145629e-05
0.162668 2.15872325e-05
0.163171 2.15577243e-05
0.163673 2.15260297e-05
0.164176 2.14921402e-05
0.164679 2.14560479e-05
0.165181 2.14177451e-05
0.165684 2.13772247e-05
0.166187 2.13344797e-05
0.166689 2.12895037e-05
0.167192 2.12422906e-05
0.167695 2.11928347e-05
0.168197 2.11411308e-05
0.168700 2.10871741e-05
0.169203 2.10309601e-05
0.169705 2.09724850e-05
0.170208 2.09117451e-05
0.170711 2.08487374e-05
0.171213 2.07834593e-05
0.171716 2.07159087e-05
0.172219 2.06460839e-05
0.172721 2.05739837e-05
0.173224 2.04996075e-05
0.173727 2.04229551e-05
0.174229 2.03440267e-05
0.174732 2.02628233e-05
0.175235 2.01793462e-05
0.175737 2.00935973e-05
0.176240 2.00055791e-05
0.176743 1.99152944e-05
0.177245 1.98227470e-05
0.177748 1.97279408e-05
0.178251 1.96308807e-05
0.178753 1.95315718e-05
0.179256 1.94300200e-05
0.179759 1.93262319e-05
0.180261 1.92202145e-05
0.180764 1.91119754e-05
0.181267 1.90015231e-05
0.181769 1.88888665e-05
0.182272 1.87740152e-05
0.182775 1.86569795e-05
0.183277 1.85377703e-05
0.183780 1.84163992e-05
0.184283 1.82928786e-05
0.184785 1.81672213e-05
0.185288 1.80394412e-05
0.185791 1.79095525e-05
0.186293 1.77775705e-05
0.186796 1.76435109e-05
0.187299 1.75073905e-05
0.187801 1.73692264e-05
0.188304 1.72290368e-05
0.188807 1.70868406e-05
0.189309 1.69426574e-05
0.189812 1.67965077e-05
0.190315 1.66484127e-05
0.190817 1.64983944e-05
0.191320 1.63464757e-05
0.191823 1.61926804e-05
0.192325 1.60370329e-05
0.192828 1.58795586e-05
0.193331 1.57202838e-05
0.193833 1.55592356e-05
0.194336 1.53964419e-05
0.194839 1.52319317e-05
0.195341 1.50657347e-05
0.195844 1.48978817e-05
0.196347 1.47284041e-05
0.196849 1.45573347e-05
0.197352 1.43847069e-05
0.197855 1.42105551e-05
0.198357 1.40349147e-05
0.198860 1.38578222e-05
0.199363 1.36793148e-05
0.199865 1.34994310e-05
0.200368 1.33182101e-05
0.200871 1.31356925e-05
0.201373 1.29519197e-05
0.201876 1.27669340e-05
0.202379 1.25807790e-05
0.202881 1.23934994e-05
0.203384 1.22051406e-05
0.203887 1.20157495e-05
0.204389 1.18253738e-05
0.204892 1.16340626e-05
0.205395 1.14418658e-05
0.205897 1.12488347e-05
0.206400 1.10550215e-05
0.206903 1.08604797e-05
0.207405 1.06652640e-05
0.207908 1.04694301e-05
0.208411 1.02730351e-05
0.208913 1.00761372e-05
0.209416 9.87879574e-06
0.209919 9.68107135e-06
0.210421 9.48302589e-06
0.210924 9.28472246e-06
0.211427 9.08622541e-06
0.211929 8.88760037e-06
0.212432 8.68891423e-06
0.212935 8.49023517e-06
0.213437 8.29163270e-06
0.213940 8.09317761e-06
0.214443 7.89494204e-06
0.214945 7.69699946e-06
0.215448 7.49942467e-06
0.215951 7.30229385e-06
0.216453 7.10568457e-06
0.216956 6.90967574e-06
0.217459 6.71434770e-06
0.217961 6.51978220e-06
0.218464 6.32606238e-06
0.218967 6.13327285e-06
0.219469 5.94149963e-06
0.219972 5.75083022e-06
0.220475 5.56135357e-06
0.220977 5.37316013e-06
0.221480 5.18634183e-06
0.221983 5.00099210e-06
0.222485 4.81720590e-06
0.222988 4.63507969e-06
0.223491 4.45471150e-06
0.223993 4.27620089e-06
0.224496 4.09964900e-06
0.224999 3.92515855e-06
0.225501 3.75283381e-06
0.226004 3.58278069e-06
0.226507 3.41510669e-06
0.227009 3.24992095e-06
0.227512 3.08733422e-06
0.228015 2.92745893e-06
0.228517 2.77040913e-06
0.229020 2.61630058e-06
0.229523 2.46525069e-06
0.230025 2.31737859e-06
0.230528 2.17280511e-06
0.231031 2.03165278e-06
0.231533 1.89404588e-06
0.232036 1.76011043e-06
0.232539 1.62997420e-06
0.233041 1.50376672e-06
0.233544 1.38161930e-06
0.234047 1.26366505e-06
0.234549 1.15003887e-06
0.235052 1.04087747e-06
0.235555 9.36319386e-07
0.236057 8.36504993e-07
0.236560 7.41576509e-07
0.237063 6.51678010e-07
0.237565 5.66955442e-07
0.238068 4.87556633e-07
0.238571 4.13631302e-07
0.239073 3.45331070e-07
0.239576 2.82809476e-07
0.240079 2.26221981e-07
0.240581 1.75725985e-07
0.241084 1.31480836e-07
0.241587 9.36478398e-08
0.242089 6.23902734e-08
0.242592 3.78733935e-08
0.243095 2.02644487e-08
0.243597 9.73268960e-09
0.244100 6.44938004e-09
0.244603 1.05878072e-08
0.245105 2.23232924e-08
0.245608 4.18332014e-08
0.246111 6.92969547e-08
0.246613 1.04896038e-07
0.247116 1.48814013e-07
0.247619 2.01236525e-07
0.248121 2.62351317e-07
0.248624 3.32348236e-07
0.249127 4.11419244e-07
0.249629 4.99758429e-07
0.250132 5.97562014e-07
0.250635 7.05028365e-07
0.251137 8.22358001e-07
0.251640 9.49753606e-07
0.252143 1.08742003e-06
0.252645 1.23556432e-06
0.253148 1.39439570e-06
0.253651 1.56412558e-06
0.254153 1.74496761e-06
0.254656 1.93713764e-06
0.255159 2.14085374e-06
0.255661 2.35633621e-06
0.256164 2.58380761e-06
0.256667 2.82349274e-06
0.257169 3.07561866e-06
0.257672 3.34041468e-06
0.258175 3.61811240e-06
0.258677 3.90894571e-06
0.259180 4.21315075e-06
0.259683 4.53096600e-06
0.260185 4.86263221e-06
0.260688 5.20839246e-06
0.261191 5.56849213e-06
0.261693 5.94317893e-06
0.262196 6.33270290e-06
0.262699 6.73731641e-06
0.263201 7.15727418e-06
0.263704 7.59283326e-06
0.264207 8.04425308e-06
0.264709 8.51179539e-06
0.265212 8.99572434e-06
0.265715 9.49630643e-06
0.266217 1.00138105e-05
0.266720 1.05485079e-05
0.267223 1.11006722e-05
0.267725 1.16705794e-05
0.268228 1.22585080e-05
0.268731 1.28647387e-05
0.269233 1.34895547e-05
0.269736 1.41332417e-05
0.270239 1.47960877e-05
0.270741 1.54783831e-05
0.271244 1.61804207e-05
0.271747 1.69024958e-05
0.272249 1.76449060e-05
0.272752 1.84079514e-05
0.273255 1.91919345e-05
0.273757 1.99971601e-05
0.274260 2.08239357e-05
0.274763 2.16725709e-05
0.275265 2.25433780e-05
0.275768 2.34366715e-05
0.276271 2.43527685e-05
0.276773 2.52919884e-05
0.277276 2.62546530e-05
0.277779 2.72410866e-05
0.278281 2.82516160e-05
0.278784 2.92865702e-05
0.279287 3.03462807e-05
0.279789 3.14310816e-05
0.280292 3.25413091e-05
0.280795 3.36773020e-05
0.281297 3.48394016e-05
0.281800 3.60279513e-05
0.282303 3.72432970e-05
0.282805 3.84857873e-05
0.283308 3.97557728e-05
0.283811 4.10536066e-05
0.284313 4.23796443e-05
0.284816 4.37342437e-05
0.285319 4.51177650e-05
0.285821 4.65305710e-05
0.286324 4.79730264e-05
0.286827 4.94454987e-05
0.287329 5.09483575e-05
0.287832 5.24819746e-05
0.288335 5.40467245e-05
0.288837 5.56429838e-05
0.289340 5.72711312e-05
0.289843 5.89315481e-05
0.290345 6.06246179e-05
0.290848 6.23507263e-05
0.291351 6.41102614e-05
0.291853 6.59036135e-05
0.292356 6.77311749e-05
0.292859 6.95933405e-05
0.293361 7.14905072e-05
0.293864 7.34230741e-05
0.294367 7.53914426e-05
0.294869 7.73960161e-05
0.295372 7.94372002e-05
0.295875 8.15154027e-05
0.296377 8.36310336e-05
0.296880 8.57845049e-05
0.297383 8.79762306e-05
0.297885 9.02066269e-05
0.298388 9.24761120e-05
0.298891 9.47851062e-05
0.299393 9.71340317e-05
0.299896 9.95233128e-05
0.300399 1.01953376e-04
0.300901 1.04424649e-04
0.301404 1.06937562e-04
0.301907 1.09492547e-04
0.302409 1.12090039e-04
0.302912 1.14730472e-04
0.303415 1.17414285e-04
0.303917 1.20141917e-04
0.304420 1.22913809e-04
0.304923 1.25730404e-04
0.305425 1.28592146e-04
0.305928 1.31499483e-04
0.306431 1.34452863e-04
0.306933 1.37452734e-04
0.307436 1.40499549e-04
0.307939 1.43593760e-04
0.308441 1.46735823e-04
0.308944 1.49926192e-04
0.309447 1.53165325e-04
0.309949 1.56453683e-04
0.310452 1.59791724e-04
0.310955 1.63179911e-04
0.311457 1.66618706e-04
0.311960 1.70108576e-04
0.312463 1.73649984e-04
0.312965 1.77243399e-04
0.313468 1.80889288e-04
0.313971 1.84588121e-04
0.314473 1.88340368e-04
0.314976 1.92146501e-04
0.315479 1.96006993e-04
0.315981 1.99922318e-04
0.316484 2.03892949e-04
0.316987 2.07919363e-04
0.317489 2.12002035e-04
0.317992 2.16141444e-04
0.318495 2.20338067e-04
0.318997 2.24592383e-04
0.319500 2.28904870e-04
0.320003 2.33276010e-04
0.320505 2.37706283e-04
0.321008 2.42196170e-04
0.321511 2.46746152e-04
0.322013 2.51356712e-04
0.322516 2.56028331e-04
0.323019 2.60761493e-04
0.323521 2.65556681e-04
0.324024 2.70414376e-04
0.324527 2.75335064e-04
0.325029 2.80319227e-04
0.325532 2.85367347e-04
0.326035 2.90479910e-04
0.326537 2.95657397e-04
0.327040 3.00900291e-04
0.327543 3.06209076e-04
0.328045 3.11584234e-04
0.328548 3.17026246e-04
0.329051 3.22535594e-04
0.329553 3.28112759e-04
0.330056 3.33758222e-04
0.330559 3.39472463e-04
0.331061 3.45255959e-04
0.331564 3.51109190e-04
0.332067 3.57032633e-04
0.332569 3.63026764e-04
0.333072 3.69092058e-04
0.333575 3.75228989e-04
0.334077 3.81438031e-04
0.334580 3.87719655e-04
0.335083 3.94074330e-04
0.335585 4.00502527e-04
0.336088 4.07004712e-04
0.336591 4.13581351e-04
0.337093 4.20232907e-04
0.337596 4.26959842e-04
0.338099 4.33762617e-04
0.338601 4.40641690e-04
0.339104 4.47597516e-04
0.339607 4.54630549e-04
0.340109 4.61741242e-04
0.340612 4.68930042e-04
0.341115 4.76197396e-04
0.341617 4.83543749e-04
0.342120 4.90969542e-04
0.342623 4.98475212e-04
0.343125 5.06061196e-04
0.343628 5.13727926e-04
0.344131 5.21475830e-04
0.344633 5.29305336e-04
0.345136 5.37216866e-04
0.345639 5.45210839e-04
0.346141 5.53287671e-04
0.346644 5.61447773e-04
0.347147 5.69691553e-04
0.347649 5.78019416e-04
0.348152 5.86431762e-04
0.348655 5.94928985e-04
0.349157 6.03511478e-04
0.349660 6.12179627e-04
0.350163 6.20933815e-04
0.350665 6.29774419e-04
0.351168 6.38701812e-04
0.351671 6.47716361e-04
0.352173 6.56818430e-04
0.352676 6.66008374e-04
0.353179 6.75286546e-04
0.353681 6.84653291e-04
0.354184 6.94108952e-04
0.354687 7.03653861e-04
0.355189 7.13288347e-04
0.355692 7.23012733e-04
0.356195 7.32827335e-04
0.356697 7.42732461e-04
0.357200 7.52728416e-04
0.357703 7.62815495e-04
0.358205 7.72993986e-04
0.358708 7.83264172e-04
0.359211 7.93626328e-04
0.359713 8.04080720e-04
0.360216 8.14627607e-04
0.360719 8.25267242e-04
0.361221 8.35999868e-04
0.361724 8.46825720e-04
0.362227 8.57745026e-04
0.362729 8.68758002e-04
0.363232 8.79864861e-04
0.363735 8.91065801e-04
0.364237 9.02361015e-04
0.364740 9.13750685e-04
0.365243 9.25234984e-04
0.365745 9.36814075e-04
0.366248 9.48488110e-04
0.366751 9.60257234e-04
0.367253 9.72121579e-04
0.367756 9.84081267e-04
0.368259 9.96136410e-04
0.368761 1.00828711e-03
0.369264 1.02053345e-03
0.369767 1.03287551e-03
0.370269 1.04531337e-03
0.370772 1.05784706e-03
0.371275 1.07047665e-03
0.371777 1.08320214e-03
0.372280 1.09602358e-03
0.372783 1.10894095e-03
0.373285 1.12195424e-03
0.373788 1.13506345e-03
0.374291 1.14826854e-03
0.374793 1.16156944e-03
0.375296 1.17496611e-03
0.375799 1.18845847e-03
0.376301 1.20204642e-03
0.376804 1.21572986e-03
0.377307 1.22950866e-03
0.377809 1.24338270e-03
0.378312 1.25735181e-03
0.378815 1.27141583e-03
0.379317 1.28557459e-03
0.379820 1.29982786e-03
0.380323 1.31417545e-03
0.380825 1.32861711e-03
0.381328 1.34315260e-03
0.381831 1.35778165e-03
0.382333 1.37250396e-03
0.382836 1.38731923e-03
0.383339 1.40222715e-03
0.383841 1.41722737e-03
0.384344 1.43231953e-03
0.384847 1.44750324e-03
0.385349 1.46277812e-03
0.385852 1.47814373e-03
0.386355 1.49359964e-03
0.386857 1.50914539e-03
0.387360 1.52478050e-03
0.387863 1.54050446e-03
0.388365 1.55631675e-03
0.388868 1.57221681e-03
0.389371 1.58820410e-03
0.389873 1.60427800e-03
0.390376 1.62043790e-03
0.390879 1.63668318e-03
0.391381 1.65301316e-03
0.391884 1.66942716e-03
0.392387 1.68592447e-03
0.392889 1.70250435e-03
0.393392 1.71916604e-03
0.393895 1.73590877e-03
0.394397 1.75273170e-03
0.394900 1.76963401e-03
0.395403 1.78661483e-03
0.395905 1.80367327e-03
0.396408 1.82080840e-03
0.396911 1.83801929e-03
0.397413 1.85530494e-03
0.397916 1.87266436e-03
0.398419 1.89009651e-03
0.398921 1.90760032e-03
0.399424 1.92517471e-03
0.399927 1.94281854e-03
0.400429 1.96053066e-03
0.400932 1.97830989e-03
0.401435 1.99615499e-03
0.401937 2.01406473e-03
0.402440 2.03203781e-03
0.402943 2.05007292e-03
0.403445 2.06816870e-03
0.403948 2.08632377e-03
0.404451 2.10453672e-03
0.404953 2.12280607e-03
0.405456 2.14113034e-03
0.405959 2.15950801e-03
0.406461 2.17793751e-03
0.406964 2.19641723e-03
0.407467 2.21494554e-03
0.407969 2.23352076e-03
0.408472 2.25214118e-03
0.408975 2.27080503e-03
0.409477 2.28951053e-03
0.409980 2.30825583e-03
0.410483 2.32703907e-03
0.410985 2.34585832e-03
0.411488 2.36471162e-03
0.411991 2.38359698e-03
0.412493 2.40251234e-03
0.412996 2.42145562e-03
0.413499 2.44042468e-03
0.414001 2.45941734e-03
0.414504 2.47843139e-03
0.415007 2.49746456e-03
0.415509 2.51651451e-03
0.416012 2.53557891e-03
0.416515 2.55465532e-03
0.417017 2.57374130e-03
0.417520 2.59283433e-03
0.418023 2.61193185e-03
0.418525 2.63103127e-03
0.419028 2.65012991e-03
0.419531 2.66922507e-03
0.420033 2.68831398e-03
0.420536 2.70739382e-03
0.421039 2.72646173e-03
0.421541 2.74551479e-03
0.422044 2.76455000e-03
0.422547 2.78356434e-03
0.423049 2.80255472e-03
0.423552 2.82151798e-03
0.424055 2.84045093e-03
0.424557 2.85935029e-03
0.425060 2.87821274e-03
0.425563 2.89703489e-03
0.426065 2.91581331e-03
0.426568 2.93454449e-03
0.427071 2.95322485e-03
0.427573 2.97185077e-03
0.428076 2.99041855e-03
0.428579 3.00892443e-03
0.429081 3.02736459e-03
0.429584 3.04573513e-03
0.430087 3.06403209e-03
0.430589 3.08225146e-03
0.431092 3.10038913e-03
0.431595 3.11844095e-03
0.432097 3.13640267e-03
0.432600 3.15427000e-03
0.433103 3.17203855e-03
0.433605 3.18970388e-03
0.434108 3.20726147e-03
0.434611 3.22470671e-03
0.435113 3.24203493e-03
0.435616 3.25924139e-03
0.436119 3.27632125e-03
0.436621 3.29326962e-03
0.437124 3.31008151e-03
0.437627 3.32675186e-03
0.438129 3.34327552e-03
0.438632 3.35964726e-03
0.439135 3.37586179e-03
0.439637 3.39191370e-03
0.440140 3.40779752e-03
0.440643 3.42350768e-03
0.441145 3.43903855e-03
0.441648 3.45438437e-03
0.442151 3.46953934e-03
0.442653 3.48449752e-03
0.443156 3.49925292e-03
0.443659 3.51379944e-03
0.444161 3.52813090e-03
0.444664 3.54224099e-03
0.445167 3.55612336e-03
0.445669 3.56977151e-03
0.446172 3.58317890e-03
0.446675 3.59633883e-03
0.447177 3.60924455e-03
0.447680 3.62188918e-03
0.448183 3.63426576e-03
0.448685 3.64636722e-03
0.449188 3.65818637e-03
0.449691 3.66971593e-03
0.450193 3.68094853e-03
0.450696 3.69187666e-03
0.451199 3.70249272e-03
0.451701 3.71278900e-03
0.452204 3.72275768e-03
0.452707 3.73239082e-03
0.453209 3.74168038e-03
0.453712 3.75061818e-03
0.454215 3.75919596e-03
0.454717 3.76740532e-03
0.455220 3.77523774e-03
0.455723 3.78268459e-03
0.456225 3.78973712e-03
0.456728 3.79638645e-03
0.457231 3.80262358e-03
0.457733 3.80843939e-03
0.458236 3.81382463e-03
0.458739 3.81876992e-03
0.459241 3.82326575e-03
0.459744 3.82730249e-03
0.460247 3.83087037e-03
0.460749 3.83395948e-03
0.461252 3.83655979e-03
0.461755 3.83866114e-03
0.462257 3.84025320e-03
0.462760 3.84132554e-03
0.463263 3.84186756e-03
0.463765 3.84186853e-03
0.464268 3.84131758e-03
0.464771 3.84020370e-03
0.465273 3.83851572e-03
0.465776 3.83624232e-03
0.466279 3.83337205e-03
0.466781 3.82989330e-03
0.467284 3.82579429e-03
0.467787 3.82106311e-03
0.468289 3.81568769e-03
0.468792 3.80965580e-03
0.469295 3.80295504e-03
0.469797 3.79557286e-03
0.470300 3.78749655e-03
0.470803 3.77871323e-03
0.471305 3.76920987e-03
0.471808 3.75897324e-03
0.472311 3.74798998e-03
0.472813 3.73624652e-03
0.473316 3.72372916e-03
0.473819 3.71042398e-03
0.474321 3.69631693e-03
0.474824 3.68139374e-03
0.475327 3.66564000e-03
0.475829 3.64904108e-03
0.476332 3.63158219e-03
0.476835 3.61324835e-03
0.477337 3.59402440e-03
0.477840 3.57389498e-03
0.478343 3.55284454e-03
0.478845 3.53085735e-03
0.479348 3.50791746e-03
0.479851 3.48400875e-03
0.480353 3.45911489e-03
0.480856 3.43321935e-03
0.481359 3.40630539e-03
0.481861 3.37835608e-03
0.482364 3.34935427e-03
0.482867 3.31928261e-03
0.483369 3.28812355e-03
0.483872 3.25585929e-03
0.484375 3.22247185e-03
0.484877 3.18794303e-03
0.485380 3.15225439e-03
0.485883 3.11538728e-03
0.486385 3.07732284e-03
0.486888 3.03804196e-03
0.487391 2.99752531e-03
0.487893 2.95575335e-03
0.488396 2.91270627e-03
0.488899 2.86836407e-03
0.489401 2.82270647e-03
0.489904 2.77571297e-03
0.490407 2.72736283e-03
0.490909 2.67763508e-03
0.491412 2.62650846e-03
0.491915 2.57396151e-03
0.492417 2.51997249e-03
0.492920 2.46451941e-03
0.493423 2.40758004e-03
0.493925 2.34913186e-03
0.494428 2.28915212e-03
0.494931 2.22761779e-03
0.495433 2.16450558e-03
0.495936 2.09979194e-03
0.496439 2.03345302e-03
0.496941 1.96546472e-03
0.497444 1.89580267e-03
0.497947 1.82444220e-03
0.498449 1.75135836e-03
0.498952 1.67652594e-03
0.499455 1.59991941e-03
0.499957 1.52151298e-03
0.500460 1.44128054e-03
0.500963 1.35919571e-03
0.501465 1.27523180e-03
0.501968 1.18936181e-03
0.502471 1.10155845e-03
0.502973 1.01179412e-03
0.503476 9.20040915e-04
0.503979 8.26270602e-04
0.504481 7.30454647e-04
0.504984 6.32564193e-04
0.505487 5.32570063e-04
0.505989 4.30442754e-04
0.506492 3.26152438e-04
0.506995 2.19668955e-04
0.507497 1.10961811e-04
0.508000 1.76643107e-10
