1 1.000e+20 1.000e+10 1.61e+25 6.82e-01 4.55e-01
2 4.377e+19 1.274e+10 8.79e+24 6.07e-01 3.31e-01
3 2.338e+19 1.548e+10 5.88e+24 4.71e-01 5.06e-01
4 1.584e+19 2.121e+10 2.90e+24 2.33e-01 4.85e-01
5 1.473e+19 2.818e+10 1.50e+24 4.43e-01 4.62e-01
6 1.044e+19 3.631e+10 8.04e+23 3.18e-01 2.61e-01
7 8.342e+18 4.223e+10 5.94e+23 2.70e-01 3.04e-01
8 7.150e+18 5.021e+10 4.13e+23 4.25e-01 3.72e-01
9 5.088e+18 6.188e+10 2.59e+23 1.69e-01 3.36e-01
10 4.920e+18 7.525e+10 1.72e+23 4.09e-01 2.38e-01
11 3.446e+18 8.632e+10 1.31e+23 1.74e-01 8.94e-02
12 3.053e+18 9.122e+10 1.19e+23 2.82e-01 3.03e-01
13 2.579e+18 1.087e+11 8.32e+22 3.61e-01 3.40e-01
14 1.994e+18 1.311e+11 5.49e+22 2.03e-01 4.21e-01
15 1.918e+18 1.653e+11 3.18e+22 4.07e-01 3.51e-01
16 1.389e+18 1.998e+11 2.06e+22 2.70e-01 4.51e-01
17 1.258e+18 2.539e+11 1.13e+22 4.53e-01 2.58e-01
18 8.158e+17 2.922e+11 8.40e+21 2.71e-01 3.65e-01
19 7.161e+17 3.567e+11 5.33e+21 4.80e-01 4.71e-01
20 4.784e+17 4.567e+11 2.82e+21 4.64e-01 5.07e-01
21 3.326e+17 5.954e+11 1.39e+21 4.74e-01 3.71e-01
22 2.161e+17 7.271e+11 8.73e+20 1.74e-01 1.90e-01
23 1.984e+17 8.129e+11 7.07e+20 4.62e-01 5.30e-01
24 1.397e+17 1.079e+12 3.32e+20 6.19e-01 2.62e-01
25 6.402e+16 1.251e+12 2.45e+20 8.29e-02 6.46e-02
26 6.131e+16 1.317e+12 2.29e+20 2.59e-01 1.22e-01
27 4.941e+16 1.431e+12 2.01e+20 2.48e-01 1.57e-01
28 4.093e+16 1.585e+12 1.70e+20 6.49e-01 4.58e-01
29 1.872e+16 2.072e+12 9.20e+19 1.59e-01 7.79e-02
30 1.689e+16 2.208e+12 8.49e+19 3.12e-01 1.43e-01
31 1.331e+16 2.508e+12 7.27e+19 3.00e-01 2.48e-01
32 1.083e+16 3.261e+12 5.47e+19 3.21e-01 1.80e-01
33 8.256e+15 4.025e+12 4.48e+19 4.71e-01 3.54e-01
34 5.363e+15 5.620e+12 2.90e+19 1.78e-01 6.79e-02
35 4.914e+15 6.531e+12 2.70e+19 3.91e-01 1.62e-01
36 3.674e+15 1.058e+13 2.26e+19 1.80e-01 2.48e-01
37 3.361e+15 8.875e+13 1.70e+19 3.08e-02 5.04e-02
38 3.385e+15 1.480e+15 1.62e+19 3.02e-01 3.20e-01
39 2.800e+15 2.960e+15 1.10e+19 3.76e-01 4.93e-01
40 2.218e+15 6.810e+15 5.57e+18 4.03e-01 5.33e-01
41 1.737e+15 1.237e+16 2.60e+18 6.75e-01 8.07e-01
42 8.358e+14 2.028e+16 5.02e+17 6.77e-01 5.74e-01
43 3.647e+14 2.673e+16 2.14e+17 6.01e-01 7.12e-01
44 2.083e+14 3.561e+16 6.16e+16 6.85e-01 5.65e-01
45 9.104e+13 4.236e+16 2.68e+16 6.04e-01 6.61e-01
46 5.105e+13 4.269e+16 9.09e+15 5.66e-01 4.68e-01
47 2.949e+13 3.801e+16 4.84e+15 5.02e-01 4.26e-01
48 1.888e+13 3.133e+16 2.78e+15 5.46e-01 3.50e-01
49 1.163e+13 2.592e+16 1.81e+15 5.33e-01 3.91e-01
50 7.445e+12 2.001e+16 1.10e+15 6.32e-01 3.69e-01
51 4.534e+12 1.541e+16 6.94e+14 5.15e-01 4.24e-01
52 3.030e+12 1.095e+16 4.00e+14 6.20e-01 5.75e-01
53 1.738e+12 6.710e+15 1.70e+14 6.30e-01 5.69e-01
54 1.007e+12 4.156e+15 7.34e+13 6.84e-01 5.35e-01
55 5.982e+11 2.664e+15 3.41e+13 6.34e-01 5.21e-01
56 3.710e+11 1.715e+15 1.63e+13 6.44e-01 6.19e-01
57 2.086e+11 9.862e+14 6.23e+12 7.00e-01 6.86e-01
58 1.078e+11 5.203e+14 1.96e+12 6.18e-01 7.48e-01
59 5.150e+10 2.506e+14 4.93e+11 7.32e-01 5.68e-01
60 3.085e+10 1.516e+14 2.13e+11 1.00e+00 8.35e-01
61 1.280e+10 6.319e+13 3.51e+10 1.00e+00 1.00e+00
62 3.840e+09 1.896e+13 6.56e-13 1.00e+00 1.00e+00
63 1.152e+09 5.687e+12 9.56e-14 1.00e+00 1.00e+00
64 1.154e+08 5.697e+11 2.87e-15 1.00e+00 1.00e+00
65 1.154e+07 5.698e+10 2.61e-16 1.00e+00 1.00e+00
66 1.154e+06 5.698e+09 2.31e-17 1.00e+00 1.00e+00
67 1.154e+05 5.699e+08 2.06e-18 1.00e+00 1.00e+00
68 1.154e+04 5.699e+07 1.82e-19 1.00e+00 1.00e+00
69 1.155e+03 5.700e+06 1.67e-20 1.00e+00 1.00e+00
70 1.155e+02 5.701e+05 1.52e-21 1.00e+00 1.00e+00
71 1.155e+01 5.707e+04 1.43e-22 9.99e-01 9.99e-01
72 1.162e+00 5.762e+03 1.95e-23 9.93e-01 9.93e-01
73 1.231e-01 6.310e+02 1.13e-23 9.44e-01 9.44e-01
74 1.857e-02 1.148e+02 1.16e-23 7.73e-01 7.73e-01
75 5.656e-03 5.119e+01 1.08e-23 5.48e-01 5.48e-01
76 2.864e-03 3.772e+01 1.02e-23 3.98e-01 3.98e-01
77 1.839e-03 3.290e+01 8.99e-24 5.66e-01 5.66e-01
78 9.026e-04 2.861e+01 6.67e-24 3.61e-01 3.61e-01
79 6.090e-04 2.729e+01 5.26e-24 5.53e-01 5.53e-01
80 3.059e-04 2.594e+01 3.80e-24 6.72e-01 6.72e-01
81 1.209e-04 2.510e+01 2.64e-24 6.35e-01 6.35e-01
82 5.176e-05 2.479e+01 1.72e-24 7.72e-01 7.72e-01
83 1.580e-05 2.463e+01 1.57e-24 8.09e-01 8.09e-01
84 4.293e-06 2.457e+01 2.84e-24 8.98e-01 8.98e-01
85 8.248e-07 2.456e+01 2.79e-24 9.39e-01 9.39e-01
86 1.279e-07 2.456e+01 2.40e-24 9.59e-01 9.59e-01
