three-point certificate, degree 8, bound fixed at 0.0929 (three_point_sdp.py 8 30 CLARABEL 5 0.0929)
numbers are IEEE doubles printed with repr, i.e. exactly; the matrices Y_k use the basis T_i(u) T_j(v)
f = 0.9269102839310894 2.535397225300151e-05 1.4732345887571943e-05 8.953731164084946e-06 1.99187424325334e-06 2.474352870671906e-07 1.0683642596092672e-07 1.1127600427147264e-07 1.3482904182913494e-07
F0 (9 x 9)
  3.03050376578807 -15.384666897455451 2.32634270840288 -10.071860740584457 -2.6599572160217746 -6.7187766168292455 -3.451749960017807 -1.9084890999552317 -1.1430828927877879
  -15.384666897455451 285.3841615976081 -23.445567600197165 143.84241437479002 3.714991315251894 38.70647464852616 7.1819962012850285 2.821972040202215 4.367148755724311
  2.32634270840288 -23.445567600197165 2.65110504215648 -12.513851530785038 -1.3164261899641614 -5.14669206677945 -1.87266789948861 -0.964712536017265 -0.7338528775295103
  -10.071860740584457 143.84241437479002 -12.513851530785038 77.72320217174331 3.675431333527983 25.094177819037892 7.287215800027853 3.5631554721963257 3.4457878100491586
  -2.6599572160217746 3.714991315251894 -1.3164261899641614 3.675431333527983 4.263213052755168 5.5257358731236454 3.6407916806414193 2.074568872221276 1.0077232586188685
  -6.7187766168292455 38.70647464852616 -5.14669206677945 25.094177819037892 5.5257358731236454 15.471625598545545 7.6815828147039005 4.222946969447808 2.6049898940368177
  -3.451749960017807 7.1819962012850285 -1.87266789948861 7.287215800027853 3.6407916806414193 7.6815828147039005 4.631059679472404 2.624130042448809 1.4366142715443682
  -1.9084890999552317 2.821972040202215 -0.964712536017265 3.5631554721963257 2.074568872221276 4.222946969447808 2.624130042448809 1.4940777113282535 0.8064516456665805
  -1.1430828927877879 4.367148755724311 -0.7338528775295103 3.4457878100491586 1.0077232586188685 2.6049898940368177 1.4366142715443682 0.8064516456665805 0.47443711648297227
F1 (8 x 8)
  115.41088236415709 -53.321916471658284 153.10492486919162 -28.397056767555412 21.13088798944075 -1.074499537736018 -4.53356112165338 4.513618697770667
  -53.321916471658284 214.51936980429477 -46.39762215874859 36.77924345319541 -8.747564737192004 -27.974339968157054 -11.889638131118057 -15.028905888280292
  153.10492486919162 -46.39762215874859 230.01173927345812 -17.490894079705086 37.97574915087571 -0.4673457166885412 -7.692891215262247 7.432483937247837
  -28.397056767555412 36.77924345319541 -17.490894079705086 22.44497253665834 0.9823708733688342 -0.8170469272102215 -1.0019984995727726 -0.8037363498000678
  21.13088798944075 -8.747564737192004 37.97574915087571 0.9823708733688342 26.459845751390855 17.685557304435537 7.667857550650527 7.937260406866178
  -1.074499537736018 -27.974339968157054 -0.4673457166885412 -0.8170469272102215 17.685557304435537 19.227534319443027 9.586380255209326 7.638695556061687
  -4.53356112165338 -11.889638131118057 -7.692891215262247 -1.0019984995727726 7.667857550650527 9.586380255209326 5.132029275507217 3.505060978066938
  4.513618697770667 -15.028905888280292 7.432483937247837 -0.8037363498000678 7.937260406866178 7.638695556061687 3.505060978066938 3.343413784795402
F2 (7 x 7)
  73.29918706738935 -0.44026321539503394 94.88839879477699 33.835153016422666 7.023718032117413 0.6651693354726547 -0.37774915475901244
  -0.44026321539503394 89.00661982366867 45.95149068456385 42.40703576803418 21.696109682826734 6.012095406062312 1.7545711476060528
  94.88839879477699 45.95149068456385 210.24887550144072 92.75608407103606 54.994558576540804 1.0921799861845911 10.153644963129553
  33.835153016422666 42.40703576803418 92.75608407103606 48.2960474233792 24.764678683647954 1.325039636532165 3.1741131591334986
  7.023718032117413 21.696109682826734 54.994558576540804 24.764678683647954 37.24774057925976 2.172810632170155 11.388808341951291
  0.6651693354726547 6.012095406062312 1.0921799861845911 1.325039636532165 2.172810632170155 0.9515639694589277 0.6913847496598045
  -0.37774915475901244 1.7545711476060528 10.153644963129553 3.1741131591334986 11.388808341951291 0.6913847496598045 4.139873118845824
F3 (6 x 6)
  114.78712412760764 66.07885806094112 145.70414087389813 52.509973628194686 45.39920069329544 2.6334818388330423
  66.07885806094112 40.8587533883415 79.56264445809447 23.25255643289202 25.264963431268228 0.4477727595205083
  145.70414087389813 79.56264445809447 194.76818644720112 82.7192978107023 59.71433739664141 5.957504933731141
  52.509973628194686 23.25255643289202 82.7192978107023 50.31997727442101 24.18693489836266 5.491483204533566
  45.39920069329544 25.264963431268228 59.71433739664141 24.18693489836266 18.401808587469787 1.6013525587879431
  2.6334818388330423 0.4477727595205083 5.957504933731141 5.491483204533566 1.6013525587879431 0.764123102514815
F4 (5 x 5)
  71.287930569876 89.78166066792886 76.30835005508676 22.850265325776025 25.94593543644662
  89.78166066792886 115.67129415256926 105.0958935390615 36.38404266970971 34.732793219101666
  76.30835005508676 105.0958935390615 112.90852084516506 50.873823176272225 34.911988439129395
  22.850265325776025 36.38404266970971 50.873823176272225 29.66890137179557 14.355210243127566
  25.94593543644662 34.732793219101666 34.911988439129395 14.355210243127566 11.075365465113707
F5 (4 x 4)
  7.045181190652937 7.759493748636714 12.99530616445454 5.950896711829803
  7.759493748636714 140.3207655731087 7.353529877274523 62.07438093167528
  12.99530616445454 7.353529877274523 24.33826956525265 8.044659656942967
  5.950896711829803 62.07438093167528 8.044659656942967 28.418687654051205
F6 (3 x 3)
  15.283715520947917 -4.560312709949702 20.728095509194983
  -4.560312709949702 1.3607024347331704 -6.184797372732158
  20.728095509194983 -6.184797372732158 28.11188229927275
F7 (2 x 2)
  0.02228915003283665 0.4257389502239462
  0.4257389502239462 8.132002271909618
F8 (1 x 1)
  3.2149578649307845e-07
