# exact copositivity certificate for H + c c^T on the packing cone (m = -1)
# orbit  size  representative(a,b)  value (rational)
  0   96  (0, 0)  0
  1   96  (0, 1)  0
  2  192  (0, 2)  0
  3   96  (0, 4)  0
  4   96  (0, 5)  0
  5  192  (0, 6)  0
  6   48  (0, 9)  4673503/67108864
  7  192  (0, 10)  138262099/402653184
  8  192  (0, 12)  27683539/402653184
  9  192  (0, 13)  6782839/134217728
 10  384  (0, 14)  735019/4194304
 11   48  (0, 16)  10356785/50331648
 12   96  (0, 17)  13461467/201326592
 13  192  (0, 18)  11680279/134217728
 14   48  (0, 25)  595053/16777216
 15  192  (0, 26)  237043/2097152
 16   96  (0, 28)  9047719/201326592
 17   96  (0, 29)  940795/8388608
 18  192  (0, 30)  1099127/16777216
 19  384  (0, 56)  2891477/8388608
 20  384  (0, 57)  1172287/16777216
 21  384  (0, 64)  856945/16777216
 22  384  (0, 65)  740095/8388608
 23   96  (0, 88)  282737/4194304
 24  192  (0, 89)  728787/4194304
 25   96  (0, 93)  3372397/16777216
 26  192  (0, 96)  0
 27  192  (0, 97)  2653823/33554432
 28  192  (0, 98)  122655/524288
 29  192  (0, 99)  239407/2097152
 30  192  (0, 104)  7046405/8388608
 31  192  (0, 106)  710929/4194304
 32   96  (0, 108)  3521663/4194304
 33  192  (0, 109)  300789/8388608
 34   96  (0, 111)  1422237/8388608
 35  384  (0, 112)  1325039/16777216
 36  384  (0, 114)  3957515/16777216
 37   24  (96, 96)  0
 38   24  (96, 97)  10154065/16777216
 39   12  (96, 99)  31100115/16777216
 40   96  (96, 100)  411179/8388608
 41   96  (96, 102)  2486293/2097152
 42   48  (96, 116)  630061/1048576
