# 28 unit directions and distances (columns w1 w2 w3 w4 d) meeting <w_i,w_j> <= a(d_i,d_j)
# with slack 1.0e-05: twelve centres at 2.0161, nine at 2.1, one each at 2.15, 2.2, 2.35, four at sqrt6
-7.90557588693187707e-01  3.29671941857972217e-01 -5.13224979178753760e-01  5.41777671944339706e-02 2.0160999999999998
-3.54951024659123537e-01 -5.18208015056566884e-01  5.91729930924390635e-01 -5.05297844912074634e-01 2.0160999999999998
 7.83216849072509325e-01 -5.04834716909027703e-01  1.23412122483815404e-01  3.41295654757501510e-01 2.1000000000000001
 5.28424785258541974e-01  3.34140522570621656e-01  2.66926771955362241e-01  7.33394474968407262e-01 2.0160999999999998
-1.60468978435095444e-01 -4.13794365762358007e-01 -3.16227253000725683e-01 -8.38465416271261477e-01 2.0160999999999998
 5.88317616269082855e-02  6.47520471910853157e-01  7.55528611602800049e-01  8.02033623345434765e-02 2.0160999999999998
 2.21503511370000017e-01 -3.61910948214758721e-01 -5.63854808889140302e-01  7.08536812385669679e-01 2.0160999999999998
-3.53390233418234695e-02 -4.71517657272120916e-01  3.84306121903903120e-01  7.92925631428975319e-01 2.0160999999999998
 5.87015272230048193e-02  2.14815787814868070e-01 -9.59309319271250072e-01 -1.73591295768235371e-01 2.0160999999999998
-2.18588762639273584e-02  5.94355456014442174e-01 -5.08525921827048144e-01  6.22627632107902729e-01 2.0160999999999998
 5.00904156432077641e-01 -5.79035695022967589e-01 -6.11277841707990266e-01 -2.00379864744836295e-01 2.1000000000000001
 3.70085943728870936e-01  9.09613181007729699e-01 -1.24924990770405808e-01 -1.41541519959071493e-01 2.0160999999999998
-2.87777685454274845e-01  5.42156989056750693e-01 -3.14530438603821239e-01 -7.24099721145635145e-01 2.1000000000000001
 5.93492515572415114e-01  1.82522242017773312e-01 -3.45718993869714053e-01 -7.03513071951079483e-01 2.1000000000000001
-4.51251980701965594e-01 -5.88701484616071413e-01 -6.70247788436398984e-01  2.38770605289387178e-02 2.0160999999999998
 1.50156679578610397e-01  2.78053566087312076e-01  5.07407765447092318e-01 -8.01671095604702399e-01 2.0160999999999998
 3.33054971865937854e-01 -2.99619287501381115e-01  8.91199882044524383e-01  7.11718941462844978e-02 2.1000000000000001
 8.71769982345378835e-01  2.53768473157800767e-01  3.85784208371888260e-01 -1.63674080060258076e-01 2.1000000000000001
 5.57811062724726692e-01 -5.38471717280994189e-01  2.67495048722962814e-01 -5.72137594376621594e-01 2.1000000000000001
 8.20143884205624785e-01  2.12955961525917725e-01 -4.87746425630586899e-01  2.10040929190643322e-01 2.1000000000000001
 2.58660054099699097e-02 -9.96323480269191708e-01  7.07299301718553042e-02  4.08380876915316604e-02 2.1000000000000001
-7.12732451689522040e-01  3.54078376874040257e-01  4.59632393134883743e-01 -3.94181453800134751e-01 2.1499999999999999
-4.11830735397643311e-01  3.93810057917331424e-01  3.47281197898200278e-01  7.44785105417244075e-01 2.2000000000000002
-6.16699611712709705e-01 -2.07521343905926969e-01 -2.56773806688804895e-01  7.14621363335445903e-01 2.3500000000000001
-6.95693456092579265e-01 -6.13158084411296600e-01  2.87723307980868870e-01  2.39297047026447884e-01 2.4494897427831779
-4.85441296343194106e-01 -5.45785766724591823e-02  8.44724849553699864e-01  2.18650075050357551e-01 2.4494897427831779
-8.69208830368946805e-01 -2.93410562414091081e-01 -8.69572083802022944e-02 -3.88361551885889333e-01 2.4494897427831779
-4.50007475309988969e-01  8.84131074817176899e-01  7.53358127726304477e-02  1.00648050262488714e-01 2.4494897427831779
