56 0 56 1 0 0 0 0 0 1 0 0 0 0 0 1 0 0 0 0 0 1 0 0 0 0 0 1
57 0 56 0 1 0 0 -1 1 0 0 0 1 0 0 1 0 0 0 0 0 1 0 0 0 0 0 1
58 0 56 0 0 1 0 -1 1 0 0 0 1 0 1 0 0 0 0 0 0 1 0 0 0 0 0 1
59 0 56 0 0 0 1 -1 1 0 0 0 1 0 1 0 0 0 0 0 1 0 0 0 0 0 0 1
218 1 218 1 0 0 0 0 0 1 0 0 0 0 0 1 0 0 0 0 0 1 0 0 0 0 0 1
221 1 218 1 0 0 0 0 0 1 0 0 0 0 0 1 0 0 0 -1 -1 -1 2 0 0 0 0 1
225 1 218 1 0 0 0 0 0 0 0 -1 1 0 1 1 1 -1 0 0 -1 0 1 0 0 0 0 1
226 1 218 1 0 0 0 0 0 0 0 -1 1 0 1 1 1 -1 0 -1 0 0 1 0 0 0 0 1
228 1 228 1 0 0 0 0 0 1 0 0 0 0 0 1 0 0 0 0 0 1 0 0 0 0 0 1
257 2 257 1 0 0 0 0 0 1 0 0 0 0 0 1 0 0 0 0 0 1 0 0 0 0 0 1
258 2 257 0 1 0 0 -1 1 0 0 0 1 0 0 1 0 0 0 0 0 1 0 0 0 0 0 1
604 3 604 1 0 0 0 0 0 1 0 0 0 0 0 1 0 0 0 0 0 1 0 0 0 0 0 1
612 3 604 0 1 0 0 0 0 0 -1 0 0 1 0 0 0 0 -1 1 1 1 -3 0 0 0 0 -1
627 3 604 1 -1 -1 -1 3 0 0 0 -1 0 1 0 0 0 0 0 -1 0 0 0 0 0 0 0 -1
652 3 604 -1 1 1 1 -3 0 1 0 0 0 0 0 1 0 0 0 0 0 1 0 0 0 0 0 1
661 3 604 0 0 0 -1 0 0 0 1 0 0 1 -1 -1 -1 3 -1 0 0 0 0 0 0 0 0 1
713 4 713 1 0 0 0 0 0 1 0 0 0 0 0 1 0 0 0 0 0 1 0 0 0 0 0 1
715 4 713 0 1 0 0 -1 1 0 0 0 1 -1 1 1 0 -1 0 0 0 1 0 0 0 0 0 1
722 4 713 1 -1 -1 0 1 0 0 -1 0 1 0 -1 0 0 1 0 1 1 1 -1 0 0 0 0 1
736 4 713 0 0 -1 0 0 1 -1 -1 0 2 -1 0 0 0 0 0 1 1 1 -1 0 0 0 0 1
941 4 713 0 -1 -1 -1 1 1 0 0 0 1 -1 -1 0 -1 1 0 0 0 1 0 0 0 0 0 1
951 4 713 1 0 -1 1 0 0 -1 -1 -1 2 0 0 0 1 0 0 0 1 0 0 0 0 0 0 1
958 4 713 0 0 0 -1 0 1 -1 -1 0 2 -1 0 1 -1 0 0 1 1 1 -1 0 0 0 0 1
964 4 713 1 1 0 1 -1 0 0 0 -1 1 0 1 1 1 -1 0 -1 0 0 1 0 0 0 0 1
1077 6 1077 1 0 0 0 0 0 1 0 0 0 0 0 1 0 0 0 0 0 1 0 0 0 0 0 1
