0 4 0 0 0 2 0 4 0 0 -2 0 0 4 0 -2 0 0 0 4 -2 2 -2 -2 -2 4 20 1 0 0 0 0 0 1 0 0 0 0 0 1 0 0 0 0 0 1 0 -1 0 0 0 1 0 0 0 0 1 -1 1 0 0 1 0 1 0 0 1 -1 0 1 0 1 0 0 1 0 1 -1 1 1 0 1 0 1 1 0 1 -1 0 0 1 1 0 0 0 1 1 -1 1 0 1 1 0 1 0 1 1 -1 0 1 1 1 0 0 1 1 1 -1 1 1 1 1 0 1 1 1 1
1 4 0 0 0 2 0 4 2 2 -4 0 2 4 2 -4 0 2 2 4 -4 2 -4 -4 -4 8 19 0 1 0 -1 0 0 0 1 -1 0 0 1 -1 0 0 1 0 0 0 0 0 1 0 0 0 0 0 1 0 0 0 0 0 1 0 -1 1 0 0 1 0 1 0 0 1 -1 0 1 0 1 0 0 1 0 1 -1 1 1 0 1 0 1 1 0 1 -1 0 0 1 1 0 0 0 1 1 -1 1 0 1 1 0 1 0 1 1 -1 0 1 1 1 0 0 1 1 1
2 4 0 0 0 2 0 4 0 0 -2 0 0 4 2 -2 0 0 2 4 -2 2 -2 -2 -2 4 17 0 0 1 -1 0 1 0 0 0 0 0 1 0 0 0 0 0 1 0 0 0 0 0 1 0 -1 0 0 0 1 0 0 0 0 1 -1 1 0 0 1 0 1 0 0 1 -1 0 1 0 1 0 0 1 0 1 -1 1 1 0 1 0 1 1 0 1 -1 0 0 1 1 0 0 0 1 1 -1 1 0 1 1 0 1 0 1 1
3 4 -2 -2 -2 6 -2 4 2 2 -6 -2 2 4 2 -6 -2 2 2 4 -6 6 -6 -6 -6 16 20 0 1 0 -1 0 0 0 1 -1 0 0 1 -1 0 0 1 0 0 0 0 0 1 0 0 0 1 1 0 0 0 0 0 1 0 0 1 0 1 0 0 0 0 0 1 0 1 0 0 1 0 -1 1 0 0 1 -1 0 1 0 1 -1 1 1 0 1 0 1 1 0 1 -1 0 0 1 1 -1 1 0 1 1 0 1 0 1 1 -1 0 1 1 1 0 0 1 1 1 0 1 1 1 1
4 4 0 -2 2 2 0 4 2 2 -4 -2 2 4 0 -4 2 2 0 4 -2 2 -4 -4 -2 8 20 0 1 -1 -1 0 1 0 0 -1 0 0 1 0 -1 0 1 1 0 -1 0 1 0 1 -1 0 0 1 -1 0 0 1 0 0 0 0 0 1 0 0 0 1 -1 1 0 0 0 0 1 0 0 1 0 1 0 0 0 0 0 1 0 -1 1 0 0 1 0 1 0 0 1 0 0 1 0 1 0 1 1 0 1 -1 0 0 1 1 -1 1 0 1 1 -1 0 1 1 1 0 0 1 1 1
5 4 0 -1 1 2 0 6 3 3 -6 -1 3 4 2 -5 1 3 2 4 -4 2 -6 -5 -4 10 15 0 1 0 -1 0 0 0 1 -1 0 1 0 1 -1 0 0 1 -1 0 0 1 0 0 0 0 0 0 1 0 0 0 0 0 1 0 -1 1 0 0 1 0 1 0 0 1 0 0 1 0 1 0 1 1 0 1 -1 0 0 1 1 -1 1 0 1 1 -1 0 1 1 1 0 0 1 1 1
6 4 0 0 0 2 0 4 2 2 -4 0 2 4 0 -2 0 2 0 4 -4 2 -4 -2 -4 8 15 0 1 -1 -1 0 0 1 0 -1 0 0 1 -1 0 0 1 0 0 0 0 0 1 0 0 0 0 0 1 0 0 0 0 0 1 0 -1 1 0 0 1 0 1 0 0 1 -1 0 0 1 1 0 0 0 1 1 -1 1 0 1 1 0 1 0 1 1 -1 0 1 1 1 0 0 1 1 1
7 4 -2 0 0 2 -2 4 0 0 -2 0 0 4 2 -2 0 0 2 4 -2 2 -2 -2 -2 4 15 0 0 1 -1 0 1 0 0 0 0 0 1 0 0 0 1 1 0 0 0 0 0 1 0 0 0 0 0 1 0 -1 0 0 0 1 0 0 0 0 1 0 1 0 0 1 -1 0 1 0 1 0 0 1 0 1 0 1 1 0 1 -1 0 0 1 1 0 0 0 1 1 0 1 0 1 1
8 6 -3 -3 -3 9 -3 4 2 1 -6 -3 2 4 2 -6 -3 1 2 4 -6 9 -6 -6 -6 18 15 0 0 1 -1 0 0 1 -1 0 0 0 1 0 0 0 1 1 0 0 0 0 0 1 0 0 1 0 1 0 0 0 0 0 1 0 1 0 0 1 0 1 1 0 1 0 -1 1 0 0 1 -1 0 1 0 1 -1 0 0 1 1 -1 1 0 1 1 0 1 0 1 1 0 1 1 1 1
9 4 -2 -2 -2 6 -2 4 2 2 -6 -2 2 4 2 -4 -2 2 2 4 -6 6 -6 -4 -6 16 15 0 1 0 -1 0 0 0 1 -1 0 0 1 -1 0 0 1 0 0 0 0 0 1 0 0 0 1 1 0 0 0 0 0 1 0 0 1 0 1 0 0 0 0 0 1 0 1 0 0 1 0 -1 1 0 0 1 -1 1 -1 1 1 -1 0 0 1 1 -1 1 0 1 1 0 1 0 1 1
