theta swap mixed
0.050000 0.00247358 0.00083377
0.057286 0.00324153 0.00109465
0.064573 0.00411143 0.00139105
0.071859 0.00508265 0.00172299
0.079146 0.00615455 0.00209051
0.086432 0.00732648 0.00249363
0.093719 0.00859778 0.00293238
0.101005 0.00996776 0.00340680
0.108291 0.01143575 0.00391690
0.115578 0.01300105 0.00446273
0.122864 0.01466294 0.00504431
0.130151 0.01642071 0.00566167
0.137437 0.01827365 0.00631483
0.144724 0.02022101 0.00700383
0.152010 0.02226206 0.00772868
0.159296 0.02439606 0.00848941
0.166583 0.02662225 0.00928605
0.173869 0.02893987 0.01011861
0.181156 0.03134817 0.01098710
0.188442 0.03384637 0.01189156
0.195729 0.03643371 0.01283199
0.203015 0.03910940 0.01380841
0.210302 0.04187267 0.01482082
0.217588 0.04472272 0.01586924
0.224874 0.04765878 0.01695367
0.232161 0.05068004 0.01807412
0.239447 0.05378571 0.01923058
0.246734 0.05697498 0.02042306
0.254020 0.06024706 0.02165155
0.261307 0.06360112 0.02291605
0.268593 0.06703637 0.02421655
0.275879 0.07055198 0.02555303
0.283166 0.07414713 0.02692549
0.290452 0.07782100 0.02833390
0.297739 0.08157276 0.02977824
0.305025 0.08540158 0.03125850
0.312312 0.08930662 0.03277463
0.319598 0.09328704 0.03432663
0.326884 0.09734199 0.03591444
0.334171 0.10147063 0.03753804
0.341457 0.10567210 0.03919739
0.348744 0.10994553 0.04089243
0.356030 0.11429008 0.04262314
0.363317 0.11870485 0.04438944
0.370603 0.12318898 0.04619130
0.377889 0.12774158 0.04802865
0.385176 0.13236177 0.04990144
0.392462 0.13704864 0.05180958
0.399749 0.14180130 0.05375302
0.407035 0.14661883 0.05573169
0.414322 0.15150031 0.05774549
0.421608 0.15644483 0.05979434
0.428894 0.16145143 0.06187817
0.436181 0.16651918 0.06399686
0.443467 0.17164713 0.06615034
0.450754 0.17683430 0.06833848
0.458040 0.18207974 0.07056119
0.465327 0.18738244 0.07281834
0.472613 0.19274143 0.07510982
0.479899 0.19815568 0.07743550
0.487186 0.20362419 0.07979525
0.494472 0.20914591 0.08218893
0.501759 0.21471981 0.08461639
0.509045 0.22034482 0.08707747
0.516332 0.22601987 0.08957203
0.523618 0.23171340 0.09209989
0.530905 0.22598965 0.09466088
0.538191 0.22031486 0.09725481
0.545477 0.21469012 0.09988150
0.552764 0.20911650 0.10254074
0.560050 0.20359506 0.10523233
0.567337 0.19812683 0.10795604
0.574623 0.19271287 0.11071166
0.581910 0.18735418 0.11349895
0.589196 0.18205178 0.11631765
0.596482 0.17680665 0.11916752
0.603769 0.17161978 0.12204828
0.611055 0.16649215 0.12495965
0.618342 0.16142472 0.12790135
0.625628 0.15641845 0.13087307
0.632915 0.15147427 0.13387449
0.640201 0.14659312 0.13690528
0.647487 0.14177593 0.13996510
0.654774 0.13702362 0.14305360
0.662060 0.13233710 0.14617041
0.669347 0.12771727 0.14931513
0.676633 0.12316503 0.15248736
0.683920 0.11868126 0.15568669
0.691206 0.11426686 0.15891268
0.698492 0.10992269 0.16216488
0.705779 0.10564963 0.16544282
0.713065 0.10144855 0.16874601
0.720352 0.09732030 0.17207393
0.727638 0.09326574 0.17542607
0.734925 0.08928572 0.17880188
0.742211 0.08538108 0.18220077
0.749497 0.08155267 0.18562217
0.756784 0.07780132 0.18906545
0.764070 0.07412786 0.19252998
0.771357 0.07053313 0.19601509
0.778643 0.06701795 0.19952009
0.785930 0.06358313 0.20304427
0.793216 0.06022949 0.20658689
0.800503 0.05695785 0.21014717
0.807789 0.05376902 0.21372431
0.815075 0.05066380 0.21731749
0.822362 0.04764299 0.22092585
0.829648 0.04470738 0.22454850
0.836935 0.04185779 0.22818450
0.844221 0.03909498 0.23183291
0.851508 0.03641975 0.23549272
0.858794 0.03383289 0.23916291
0.866080 0.03133516 0.24284242
0.873367 0.02892734 0.24653013
0.880653 0.02661020 0.25022490
0.887940 0.02438450 0.25392554
0.895226 0.02225100 0.25763083
0.902513 0.02021044 0.26133950
0.909799 0.01826358 0.26505022
0.917085 0.01641114 0.26876165
0.924372 0.01465387 0.27247236
0.931658 0.01299249 0.27618090
0.938945 0.01142771 0.27988576
0.946231 0.00996024 0.28358539
0.953518 0.00859078 0.28727817
0.960804 0.00732000 0.29096243
0.968090 0.00614860 0.29463645
0.975377 0.00507723 0.29829846
0.982663 0.00410655 0.30194661
0.989950 0.00323719 0.30557902
0.997236 0.00246978 0.30919371
1.004523 0.00180492 0.31278867
1.011809 0.00124321 0.31636181
1.019095 0.00078521 0.31991098
1.026382 0.00043148 0.32343396
1.033668 0.00018255 0.32692847
1.040955 0.00003893 0.33039214
1.048241 0.00000109 0.33344631
1.055528 0.00006950 0.33423557
1.062814 0.00024459 0.33502696
1.070101 0.00052678 0.33582226
1.077387 0.00091646 0.33662316
1.084673 0.00141401 0.33743128
1.091960 0.00201976 0.33824814
1.099246 0.00273403 0.33907521
1.106533 0.00355710 0.33991388
1.113819 0.00448924 0.34076548
1.121106 0.00553065 0.34163128
1.128392 0.00668152 0.34251250
1.135678 0.00794198 0.34341029
1.142965 0.00931213 0.34432576
1.150251 0.01079202 0.34525998
1.157538 0.01238166 0.34621397
1.164824 0.01408098 0.34718870
1.172111 0.01588990 0.34818510
1.179397 0.01780825 0.34920407
1.186683 0.01983582 0.35024646
1.193970 0.02197232 0.35131310
1.201256 0.02421742 0.35240478
1.208543 0.02657070 0.35352225
1.215829 0.02903167 0.35466626
1.223116 0.03159978 0.35583748
1.230402 0.03427439 0.35703660
1.237688 0.03705480 0.35826426
1.244975 0.03994019 0.35952107
1.252261 0.04292970 0.36080764
1.259548 0.04602234 0.36212454
1.266834 0.04921706 0.36347232
1.274121 0.05251269 0.36485150
1.281407 0.05590798 0.36626259
1.288693 0.05940159 0.36770608
1.295980 0.06299205 0.36918244
1.303266 0.06667781 0.37069212
1.310553 0.07045722 0.37223555
1.317839 0.07432850 0.37381315
1.325126 0.07828979 0.37542532
1.332412 0.08233912 0.37707243
1.339698 0.08647442 0.37875487
1.346985 0.09069352 0.38047297
1.354271 0.09499414 0.38222709
1.361558 0.09937391 0.38401753
1.368844 0.10383041 0.38584462
1.376131 0.10836110 0.38770864
1.383417 0.11296338 0.38960988
1.390704 0.11763462 0.39154862
1.397990 0.12237213 0.39352510
1.405276 0.12717320 0.39553958
1.412563 0.13203511 0.39759229
1.419849 0.13695520 0.39968345
1.427136 0.14193084 0.40181327
1.434422 0.14695949 0.40398195
1.441709 0.15203877 0.40618968
1.448995 0.15716647 0.40843664
1.456281 0.16234062 0.41072298
1.463568 0.16755958 0.41304888
1.470854 0.17282209 0.41541446
1.478141 0.17812739 0.41781988
1.485427 0.18347527 0.42026524
1.492714 0.18886590 0.42275066
1.500000 0.19429948 0.42527625
