-0.58865592298508362 0.72039559610607284 -0.34680166353630587 0.11934402211257204
-0.75163902642836833 -0.01430475938462926 0.65193227568758971 -0.09908812101136533
0.61163697291713903 0.48014757857333568 0.42335972150617635 0.46489252774930045
0.13403835449360824 0.01475816786651414 0.98881822285610443 0.06367447018676321
-0.26177702771345635 0.35572602013431925 -0.05794839797438568 0.89530652266869382
0.17779932846759738 -0.90909185218609434 -0.14180491733135697 0.34904264568384030
-0.14226720254225197 -0.77811748667936320 0.58568175089852526 -0.17683355639988357
-0.24145234746727584 0.13890379866629379 -0.93161025341753112 -0.23347127092201167
-0.25674062258730124 -0.29202569210858903 -0.70298345957908670 0.59549937314845525
-0.72023342400299506 -0.61047714433192946 0.03024894123602254 0.32812569657275259
0.76526388436411386 -0.43201756398821173 0.43323097245442094 0.20010731171008320
0.26572025568272328 0.56653745922455168 -0.66380973064255244 0.40961530064141838
-0.44042120608478152 0.60208470858804430 0.23470369627066437 -0.62324741465341349
0.32353217856918798 0.92328914959182917 -0.01913145766221585 -0.20615058332197536
0.29630528036331327 0.25153500906765125 -0.40927643471859632 -0.82548538450186348
-0.24913419341908036 -0.71314968212923768 -0.51801394168414960 -0.40126205996735070
0.53797062005016782 -0.14390184584424884 -0.22323179079437452 0.80002964839072843
0.52310218331707992 -0.35248893602179260 -0.77493124427159776 0.03996526545391699
-0.24840663662642656 -0.29707311579936690 0.18999756948151145 -0.90218769130393306
0.57402789222366712 -0.57182002783063324 -0.07558475151185362 -0.58120631453892435
0.49028794660977948 0.17462697378747360 0.51814501778705313 -0.67871119776930855
0.95095098688820778 0.20771263087275144 -0.15468278032506044 -0.16917718812881632
-0.28243424703438469 0.73880115634655541 0.55397969083820697 0.25982734579315769
-0.04819339915040658 -0.38335147385022872 0.50602603503209120 0.77113986775739163
-0.88954149678010952 -0.04414561038956445 -0.25914890508554222 -0.37364279142317164
