S kind tau_norm H R D
6.065330158231954302e-03 3.000000000000000000e+00 3.430661757725577549e-02 1.532896954651821006e-06 3.606720880102255573e-09 1.916417016238504531e-05
6.803343359451162475e-02 2.000000000000000000e+00 1.324537068620947403e-02 -1.117948236974087173e-03 3.535162952012166696e-06 1.758835087794380098e-03
9.107033779973584819e-02 2.000000000000000000e+00 5.115622142557353647e-02 -1.039447266070052910e-03 1.313427665405441508e-06 3.628493008109376881e-03
1.698560989701412491e-02 3.000000000000000000e+00 9.641573372623528371e-02 1.202593776549513058e-05 3.166132069095222839e-07 1.505850538764291790e-04
1.728234994652074197e-01 3.000000000000000000e+00 3.962170263246971302e-01 1.248240057033227820e-03 6.868838561313356413e-05 1.562678939783002097e-02
5.527761366000489424e-03 3.000000000000000000e+00 3.040518066016861115e-02 1.273208264543779118e-06 2.008896138117107932e-09 1.591668588813380670e-05
5.531762545032763850e-02 2.000000000000000000e+00 2.616674009129060612e-03 -1.791297957296625126e-04 5.514871240081789701e-09 1.440460459737776889e-03
5.920084732521907651e-03 2.000000000000000000e+00 8.193939648871798867e-04 -1.147540193190072359e-05 4.320300991652445606e-09 1.179032095516078496e-05
1.806396698076978558e-02 2.000000000000000000e+00 8.815607050481679427e-04 -5.210416418169479778e-05 3.836152064138741852e-08 1.371397309709645193e-04
1.906590023428888017e-02 2.000000000000000000e+00 7.458551547065231119e-04 -7.841260887082931866e-05 8.960814526189005451e-08 1.426375795817756221e-04
1.564928446751374935e-01 3.000000000000000000e+00 3.662198524615432049e-01 1.023362108507719619e-03 3.974004123235273279e-05 1.279642631274456772e-02
1.799746012507788262e-01 2.000000000000000000e+00 1.358316825780063073e-03 -8.364608438609481139e-03 8.093204642267877447e-05 1.209405637480635842e-02
4.122546888202709148e-02 2.000000000000000000e+00 4.601701653671412713e-03 -2.902243790921826719e-04 5.063770669250179570e-07 7.051638297923257508e-04
1.841378556333492580e-02 3.000000000000000000e+00 1.013403481769881154e-01 1.413180439637695361e-05 2.514871073487234362e-07 1.768511386917780647e-04
5.820332176389593493e-02 3.000000000000000000e+00 1.881935742297929093e-01 1.413143544975207708e-04 6.109073574177368432e-06 1.770579582998738901e-03
3.795866402336246087e-02 3.000000000000000000e+00 1.484376355948653914e-01 6.008163321652369953e-05 2.223918191921253813e-06 7.526948220194388866e-04
3.471534224235616195e-01 2.000000000000000000e+00 1.609444916426857469e-02 -2.891538335754035433e-02 5.277989818157392821e-04 4.632785665324146845e-02
1.353482204340116235e-01 3.000000000000000000e+00 7.635913888740746280e-01 7.779602142005569891e-04 1.890899910503317845e-06 9.550441394337682091e-03
1.251901550242502832e-02 2.000000000000000000e+00 5.954507078113250446e-02 -1.312125934735558518e-04 2.498902848425282614e-07 1.300646812304369630e-05
3.574416293848378320e-03 2.000000000000000000e+00 2.009239941531514549e-03 -2.097974462002139577e-06 3.352357494236644540e-10 5.339573925612741780e-06
3.069480822033559056e-02 3.000000000000000000e+00 1.630566446668283154e-01 3.928611686452610234e-05 1.675774372283832172e-06 4.924044586461375590e-04
2.418535396224316680e-02 2.000000000000000000e+00 2.397142675596416594e-03 -2.121504218194631683e-05 1.059587835559801542e-09 2.818592116363580419e-04
3.212554323173210259e-03 2.000000000000000000e+00 1.256793217759700869e-03 -1.405482551561986719e-06 -3.483742568895858928e-11 4.457476526462759371e-06
1.856215922198293719e-02 3.000000000000000000e+00 1.043200447637170070e-01 1.435951308228388492e-05 5.353812292592001072e-07 1.799920152615242430e-04
1.867042530368529310e-02 2.000000000000000000e+00 1.483372195425069172e-02 -3.685108223641634273e-05 1.351458994010518253e-08 1.558803639819779721e-04
4.614218475962879595e-01 3.000000000000000000e+00 6.287936248887823210e-01 8.953374290840518390e-03 3.442516446801116570e-04 1.112759995096863630e-01
7.067141326593336451e-03 2.000000000000000000e+00 4.703485038447106263e-05 -7.803371635811198612e-06 -2.098746255605588419e-10 2.107034757249055053e-05
8.040140159615526139e-02 2.000000000000000000e+00 1.098461165920176265e-03 -9.688924848341215869e-04 3.505621110638670965e-06 2.751252068006696666e-03
4.355964253231833783e-02 3.000000000000000000e+00 2.536292743761464630e-01 7.918337614353514631e-05 1.535233543945695720e-06 9.898481503873915455e-04
4.219932316822738172e-01 2.000000000000000000e+00 9.764253089689870629e-03 -4.289548014503036244e-02 9.882714982311913143e-04 6.857967521854062276e-02
8.511351880441017648e-02 3.000000000000000000e+00 3.970064712495176007e-01 3.030309744761749144e-04 1.534362729422510075e-05 3.789014656166654702e-03
1.014072571398400430e-01 2.000000000000000000e+00 5.781398834958782111e-04 -4.116491356979696571e-03 4.052592379752461074e-05 3.123996145620496108e-03
1.399186446196480360e-01 3.000000000000000000e+00 3.872681942918209663e-01 8.205037006534020381e-04 4.311578118993970431e-05 1.024198118761632248e-02
4.362656661061441871e-02 2.000000000000000000e+00 1.219166740634869406e-02 -9.275777439523032034e-05 -2.843325895415186721e-08 9.052313366586191073e-04
6.508921161718007886e-03 3.000000000000000000e+00 3.680933273367376080e-02 1.765307070427022855e-06 4.785622035012086278e-09 2.207046650197877388e-05
1.086486068330906954e-02 2.000000000000000000e+00 1.030382511824604400e-02 -1.421542484427304806e-05 5.276909074128686246e-09 5.192016332079521279e-05
2.922202118913961311e-01 3.000000000000000000e+00 4.741492889745870243e-01 3.576777545779729305e-03 2.125784502516607673e-04 4.469729334206775512e-02
6.228461737157453375e-03 2.000000000000000000e+00 2.436764541016996457e-04 -1.345974110424407687e-05 5.792223069106312730e-09 1.267278947656428866e-05
2.976189801068315072e-02 3.000000000000000000e+00 1.653487675725971162e-01 3.693598919591684705e-05 6.623245777056768042e-08 4.614195136548818340e-04
2.918137681560501254e-02 3.000000000000000000e+00 1.361764056040890014e-01 3.550138422261948435e-05 1.545517551590390112e-06 4.450725860900650132e-04
2.749965420569135469e-02 2.000000000000000000e+00 2.183724875056456283e-03 -2.237420382497929544e-04 4.886355008887691143e-07 2.667331070922914242e-04
4.411668811006135699e-02 2.000000000000000000e+00 5.769372938108563963e-03 -2.796543267377320880e-04 4.220067551314785580e-07 8.337359282864799642e-04
4.831488782177574548e-02 3.000000000000000000e+00 2.734342286998514560e-01 9.745607431773906603e-05 3.363949247786346972e-08 1.215925869266734410e-03
3.754972902823868752e-01 3.000000000000000000e+00 9.074134009634315934e-01 5.984927072793943745e-03 2.993123714863489895e-04 7.379088341259087969e-02
4.674486824906102789e-01 2.000000000000000000e+00 8.991121821308693807e-02 -1.886344028241769902e-02 1.526405374794263109e-04 9.997505577737426929e-02
3.076470237642455197e-01 3.000000000000000000e+00 1.441813781247743398e+00 4.173358608766512302e-03 1.385758788170691862e-04 4.954860079869945200e-02
4.828623751029164496e-02 3.000000000000000000e+00 1.905844107239123009e-01 9.723083847416758171e-05 4.439435199663554284e-06 1.218835220886895290e-03
8.925309800598593690e-02 3.000000000000000000e+00 2.465982779132212255e-01 3.325372511666749059e-04 1.256118404322813047e-05 4.161887561459630923e-03
1.565666500149020812e-01 3.000000000000000000e+00 4.342489901018516951e-01 1.028794247495916098e-03 6.808330262179722835e-05 1.283903837481417502e-02
3.381491626238944948e-01 3.000000000000000000e+00 1.107630205778432408e+00 4.932149809120441042e-03 1.684648293729905377e-04 5.980696782555373209e-02
8.527418146549728406e-02 2.000000000000000000e+00 6.987249642828565616e-03 -3.784193958654765311e-03 3.733292265874579331e-05 1.781078955636643344e-03
3.442069746159330795e-03 2.000000000000000000e+00 5.535813220268035253e-03 -9.647453167713796790e-07 2.037138489443143617e-10 5.441753124175934603e-06
4.021784452292938815e-03 3.000000000000000000e+00 2.275142572748106370e-02 6.739560738262607646e-07 7.030919337639749631e-10 8.425056219199500532e-06
1.066514802040929508e-02 2.000000000000000000e+00 2.091966307473614665e-04 -4.185225940201116118e-05 3.761670251624973623e-08 3.598417815013082327e-05
5.840346088832891296e-03 3.000000000000000000e+00 3.333807840215941704e-02 1.421283579377425485e-06 4.350741486340216340e-09 1.776981374984787945e-05
4.556882634476422736e-03 3.000000000000000000e+00 2.531819180641178488e-02 8.652294679371947851e-07 9.393465049497617131e-10 1.081614375266993866e-05
3.574826072849660898e-03 3.000000000000000000e+00 2.015064332064802483e-02 5.324793070213051964e-07 1.466758875190246229e-11 6.655945046662269031e-06
7.423909757218424485e-03 3.000000000000000000e+00 4.183986467138729737e-02 2.296550032288286993e-06 7.015330046602501657e-09 2.871250838785221085e-05
7.495342670892617132e-02 3.000000000000000000e+00 2.489482715298652338e-01 2.344737952228792078e-04 1.572590219214522632e-05 2.941970887508768215e-03
3.948695496469462225e-03 3.000000000000000000e+00 2.096590488702246291e-02 6.496808245244048767e-07 4.833658135669325703e-10 8.121421839994874919e-06
3.305770647190234279e-01 2.000000000000000000e+00 1.107605730720204011e-02 -2.372606071669578626e-02 2.455206900501723244e-04 4.302308819082498181e-02
2.061974269116001457e-01 3.000000000000000000e+00 3.317453976523441206e-01 1.777142676821365881e-03 5.687415762121626143e-05 2.220413492851424156e-02
4.873426670219415703e-03 3.000000000000000000e+00 2.840157414008453660e-02 9.896148922132803977e-07 3.072400919278780627e-10 1.237025844120151960e-05
2.214468855700513564e-02 3.000000000000000000e+00 1.191910054730493940e-01 2.044106431196615931e-05 2.126994198073225626e-08 2.554354177413409050e-04
3.859675844910492870e-02 3.000000000000000000e+00 1.520923035311536053e-01 6.210098099502008517e-05 2.457878144365465204e-06 7.783632500311518307e-04
7.653643996147241335e-02 1.000000000000000000e+00 4.345775881919919370e-01 -2.067508634128109417e-03 1.032151283612272805e-05 1.905480516760103653e-03
3.708351667876122817e-03 3.000000000000000000e+00 2.067069699618802325e-02 5.730035352448412999e-07 1.195662056668434192e-10 7.162557380147898538e-06
1.013899731429220574e-01 3.000000000000000000e+00 2.742395616050901097e-01 4.292719956203775410e-04 1.342969601396165787e-05 5.368029020785378483e-03
3.952625063933885019e-01 3.000000000000000000e+00 1.078642293055696699e+00 6.813383793354497661e-03 2.378801840640662815e-04 8.176079656093306058e-02
3.282874519386024068e-03 2.000000000000000000e+00 1.830237190159893874e-03 -2.678875477758717237e-06 2.218038435065509067e-10 4.049416619981157197e-06
2.311770142483253743e-01 2.000000000000000000e+00 1.106791024769627520e-02 -8.142012669806903205e-03 8.939193657464278991e-05 2.273979156005640628e-02
1.831435138580427002e-02 2.000000000000000000e+00 3.527064369027092198e-03 -1.265822584631176096e-04 2.291831048231474403e-07 1.046457872146197424e-04
2.178934810852962978e-02 3.000000000000000000e+00 1.236768505512081395e-01 1.979152510579663455e-05 8.445824172292015991e-07 2.481281904674693993e-04
2.198843837642335680e-02 2.000000000000000000e+00 3.004919915772108832e-02 -2.142809878594230892e-05 9.970556141459830388e-09 2.310416322800540236e-04
5.632736215599441765e-02 2.000000000000000000e+00 7.685668198745271296e-02 -2.368924338187088422e-04 8.572096887338469164e-08 1.468025367785795064e-03
3.275535689832475561e-01 3.000000000000000000e+00 7.585393053931427376e-01 4.548847749510567286e-03 1.792596013939595605e-04 5.609935375298080035e-02
1.239326915812750535e-01 2.000000000000000000e+00 6.890872252510071849e-02 -2.104020799594082201e-03 1.230479689649029325e-05 6.639950418389171764e-03
3.616580545813845582e-01 2.000000000000000000e+00 1.412132364677276368e-02 -1.141057483944684509e-02 -5.392696525300180732e-05 5.963905983681944134e-02
1.735205973651983771e-02 2.000000000000000000e+00 2.867095268758521748e-02 -2.097588066072153393e-05 -1.221778467774896045e-08 1.400468304348379271e-04
5.012925482479629880e-02 3.000000000000000000e+00 1.961189449644689942e-01 1.047854644432697662e-04 4.569303022666329245e-06 1.313433129888982734e-03
3.355754779659466669e-01 2.000000000000000000e+00 3.151497164050851701e-02 -8.190643919748840512e-03 3.043880684316588314e-06 5.221317262684667393e-02
7.147332186012315958e-03 2.000000000000000000e+00 6.756871499692135123e-03 -1.099614154424143529e-05 3.377344426995047561e-09 2.004748526091007445e-05
9.818361105567543698e-03 2.000000000000000000e+00 2.695473801566259861e-03 -3.263058807181041593e-05 2.234096698086366034e-08 3.190715433073641402e-05
8.383254510036694529e-02 3.000000000000000000e+00 2.764261939546792668e-01 2.933884454217797590e-04 1.099789930353740333e-05 3.671639931016956217e-03
2.208808396277164854e-02 2.000000000000000000e+00 5.984164549294940846e-04 -7.894910864997530735e-05 6.521772756344320406e-08 2.045323899758008375e-04
6.761921416509139582e-02 2.000000000000000000e+00 2.608219088509464677e-03 -5.639356494515580711e-04 2.808241593161685951e-08 2.004239319842400936e-03
1.313999811156363051e-01 2.000000000000000000e+00 2.157980667016647439e-02 -3.876373785355951077e-03 1.650605666910723995e-05 6.711296682585920353e-03
2.644110709162752690e-02 2.000000000000000000e+00 2.568082009474044469e-02 -1.098274163338206264e-04 2.015800971973290474e-07 2.948539440457447662e-04
6.302863869320732282e-02 3.000000000000000000e+00 2.490800539310873973e-01 1.657232520217951147e-04 7.228902799460060050e-06 2.076395176569793052e-03
1.834558266830896844e-01 2.000000000000000000e+00 1.757515565606762586e-02 -4.363465839510427720e-03 2.182385900948444549e-05 1.466811111124219011e-02
1.252090519423034176e-01 2.000000000000000000e+00 4.102857590430717544e-02 -2.190212260478488580e-03 1.423547350578734279e-05 6.757782687411759831e-03
1.696320816910610457e-02 2.000000000000000000e+00 2.334418510408583884e-03 -6.313400690700808279e-05 5.638166129582315592e-08 1.123645939020058318e-04
6.104539511053842446e-03 1.000000000000000000e+00 1.429552327125577227e-04 -9.531050360628836869e-06 1.019562639102549481e-09 1.386819570333342841e-05
4.548862504961969505e-02 2.000000000000000000e+00 6.138472211513052584e-03 -1.457405123070892449e-04 1.561300211947553532e-08 9.617528613010189673e-04
3.198902964775315189e-02 2.000000000000000000e+00 1.520457259447815720e-02 -1.590252968455912151e-04 2.392493443921072521e-07 4.323756098240115258e-04
7.509400107063106920e-03 2.000000000000000000e+00 1.481077048079214949e-04 -2.492649696063817336e-05 2.004708404008999768e-08 1.575234358770070438e-05
3.554862018819405015e-03 3.000000000000000000e+00 1.955160880433685217e-02 5.265492826579295623e-07 6.924313745489353931e-10 6.582489059125901592e-06
4.322400721610441220e-03 2.000000000000000000e+00 5.766800401752844195e-04 -9.313480193140713666e-06 4.342581815348293527e-09 4.689176484334223706e-06
4.103101686961986051e-03 2.000000000000000000e+00 9.315821814167549522e-03 -1.344668668467373585e-06 7.249466851864618975e-10 7.746112339226647611e-06
4.633245760153121250e-03 3.000000000000000000e+00 2.644806949963466117e-02 8.944704507455132225e-07 2.161852766298328366e-09 1.118288021512749288e-05
1.087493397854789705e-02 2.000000000000000000e+00 4.355952147196031146e-03 -9.339873796941354679e-06 1.060445751909728303e-09 5.446321806616902781e-05
2.355087321578203940e-01 3.000000000000000000e+00 6.746085284380379798e-01 2.329652984345614332e-03 8.240588605374103356e-05 2.897941383951854050e-02
4.713476293379156856e-02 3.000000000000000000e+00 2.200894716300449694e-01 9.266035436491102859e-05 7.123738231201002147e-06 1.164296853826022249e-03
2.834616292642476096e-02 3.000000000000000000e+00 1.559926596749753314e-01 3.350030218020602293e-05 5.685772241762077496e-07 4.190712046399879790e-04
1.335267742605372905e-02 3.000000000000000000e+00 7.514855280563489948e-02 7.429830116413260575e-06 6.685334689117702976e-08 9.292876562722022127e-05
2.462739938301735168e-02 2.000000000000000000e+00 4.068721810493739150e-04 -1.251847059041447617e-04 9.349104031402871631e-08 2.407555382735633576e-04
7.916208436553501260e-02 2.000000000000000000e+00 6.336206314875170685e-03 -9.262347606427861254e-04 2.279568604263387636e-06 2.672479988830911857e-03
4.340509941110777814e-01 3.000000000000000000e+00 6.995430683547054773e-01 7.953347721129783859e-03 4.854313692798008922e-04 9.866223797425213715e-02
4.890784212012553450e-02 3.000000000000000000e+00 1.932012136645268607e-01 9.977163029933495942e-05 4.767591677434034167e-06 1.250641917250664131e-03
2.207775316115151085e-02 3.000000000000000000e+00 1.244360876939753918e-01 2.031929666698051177e-05 5.125144206634131127e-07 2.543857550765214206e-04
3.944412948363139049e-01 3.000000000000000000e+00 6.359600140642363009e-01 6.536580595132178081e-03 3.166508747320948350e-04 8.137690870837213652e-02
9.224260010334695004e-02 3.000000000000000000e+00 4.500618381619802544e-01 3.564782641613834391e-04 1.896641184326861625e-05 4.451554180836952111e-03
4.787028151771358098e-03 2.000000000000000000e+00 1.568728245315881894e-03 -1.383820255880807714e-05 8.297485651398482740e-09 4.547015469173111449e-06
4.667615038171109287e-02 2.000000000000000000e+00 7.650817242856984383e-03 -2.616120516708337240e-04 3.291952369960610223e-07 9.588546766296334855e-04
1.317392384688510776e-01 2.000000000000000000e+00 1.259745771624137247e-03 -2.163695582710885822e-03 1.210298797351501074e-05 7.607868672794478385e-03
1.203529435865362263e-01 3.000000000000000000e+00 3.337636685340351628e-01 6.054942011239207271e-04 2.632756218718551068e-05 7.571490177721131379e-03
2.665198962226368595e-02 3.000000000000000000e+00 1.244260697056998460e-01 2.960896825500038658e-05 1.083090275676758398e-06 3.710518498158025353e-04
2.092397239818915844e-01 3.000000000000000000e+00 3.379987549393694835e-01 1.829334279903507441e-03 6.033981330077922787e-05 2.286563799926162252e-02
2.022563849701761729e-01 3.000000000000000000e+00 3.331118032551453889e-01 1.710278924613061217e-03 6.391914751222081779e-05 2.137288124042080462e-02
7.222427629015467331e-03 3.000000000000000000e+00 3.834744341902816128e-02 2.173583472324198056e-06 3.993097048374616653e-10 2.716892147404992815e-05
5.803913176553667473e-03 2.000000000000000000e+00 3.294205392467745852e-02 -7.420868165252693643e-06 2.575310933337340499e-09 1.313484530879363137e-05
3.308775117125787712e-03 3.000000000000000000e+00 1.844485753525396121e-02 4.561692875535419029e-07 3.450869886447213590e-10 5.702426118620800515e-06
4.589299470321569485e-01 2.000000000000000000e+00 3.040364832481541428e-03 -6.175110069615356162e-02 1.792125688691321300e-03 7.622492348208373403e-02
2.889402202272429721e-01 2.000000000000000000e+00 5.546490546334742477e-03 -2.134301791128715570e-02 4.454492381918036259e-04 3.151716571503206110e-02
3.734163422154417322e-01 2.000000000000000000e+00 5.117183555700695330e-02 -6.034741931102863277e-02 2.066072207706118324e-03 4.161224486897174835e-02
3.074495570843691072e-01 3.000000000000000000e+00 4.169774181858021400e-01 3.957509280652816638e-03 1.429580599623054074e-04 4.938432777597608070e-02
2.244660100597520302e-01 3.000000000000000000e+00 4.349745827942952392e-01 2.108354936087459934e-03 7.520473644637365798e-05 2.632187704056245317e-02
9.666392859210090616e-02 2.000000000000000000e+00 7.734048057993136646e-03 -1.536064072403587211e-03 4.463202541868599785e-06 3.908388711769466770e-03
1.374258229080417837e-01 3.000000000000000000e+00 4.435216692369511327e-01 7.917566742566560555e-04 3.639312987983818254e-05 9.875199867984397334e-03
3.610735202875599015e-01 2.000000000000000000e+00 1.203941418427336846e-01 -3.771530457126551911e-02 1.144558320097039533e-03 4.747394956088975271e-02
8.290133272706538825e-02 3.000000000000000000e+00 2.740525583352040884e-01 2.870482958778911237e-04 1.222363642040743019e-05 3.592063268321154298e-03
9.912027343797764900e-02 2.000000000000000000e+00 2.278371310492209589e-02 -3.040241585457656263e-03 2.489611873750371615e-05 3.417189629218404107e-03
3.350897611546321646e-03 3.000000000000000000e+00 1.886608902036083363e-02 4.678592361800131789e-07 4.341623372141075605e-10 5.848621181960641949e-06
3.936839833681705925e-02 3.000000000000000000e+00 2.187258066141174739e-01 6.465201576146596154e-05 3.332660038877179238e-07 8.075946676877707609e-04
1.593639311656784921e-02 3.000000000000000000e+00 8.883477045954546458e-02 1.058357623250795460e-05 2.795682613672343102e-07 1.325556691605167862e-04
6.862095886310690118e-02 2.000000000000000000e+00 6.496731999302085905e-04 -1.680178008263621828e-03 9.632746636306578798e-06 1.523961740150600423e-03
3.317075374851884400e-03 2.000000000000000000e+00 4.469203619727909332e-03 -2.404986342098536676e-06 3.896315545213457627e-10 4.299390981729637647e-06
1.075763196692510332e-01 3.000000000000000000e+00 2.972901817115446432e-01 4.834695626556122488e-04 2.604964296095779817e-05 6.054116701079206853e-03
5.906518756864194072e-03 2.000000000000000000e+00 2.353071095431457857e-03 -9.816615602791533456e-06 1.188913804847318667e-09 1.253636302500335168e-05
4.396082355711639078e-02 2.000000000000000000e+00 4.226861386698153693e-03 -2.050015881816293626e-04 1.688139618256505629e-07 8.639450237809706513e-04
2.000029202269930084e-01 2.000000000000000000e+00 6.533935377485138897e-03 -4.766671196148880227e-03 2.728924149106564528e-05 1.764453769307908898e-02
3.239721842484889064e-02 3.000000000000000000e+00 1.250699164808264374e-01 4.375132422274764365e-05 1.098292164484949323e-06 5.477638351095429807e-04
1.662621984865091801e-02 3.000000000000000000e+00 9.358068799378306546e-02 1.152072077096883908e-05 1.589060840547860056e-07 1.441348596973760854e-04
4.442335504339088581e-02 2.000000000000000000e+00 5.982241837445904237e-02 -3.012970284526504585e-04 3.463537163677461381e-07 8.364150761456237357e-04
2.316008696825520158e-02 3.000000000000000000e+00 1.314269660433527442e-01 2.236052570013072777e-05 6.305895037863168656e-07 2.800056665424239025e-04
8.383757584997833523e-03 3.000000000000000000e+00 4.611749294563473323e-02 2.928783893459485448e-06 1.079087823020334668e-08 3.661887844696429972e-05
2.807413337420715596e-02 2.000000000000000000e+00 5.403815769444405073e-03 -1.196159841932097577e-04 1.263373262499594687e-07 3.343968275860311054e-04
6.230962582567362018e-02 3.000000000000000000e+00 3.626367029792920138e-01 1.622306972216100603e-04 6.733677286105540713e-06 2.029093761164637005e-03
4.050208995073554391e-03 3.000000000000000000e+00 2.258119618728553560e-02 6.835169831809230445e-07 1.195544854832658060e-09 8.545050488332660020e-06
4.673620208257978775e-02 3.000000000000000000e+00 2.177793951121900218e-01 9.122156778231728272e-05 6.216763533742724322e-06 1.143963839976768924e-03
1.121417115192491383e-02 3.000000000000000000e+00 6.171535058919310618e-02 5.240463158297927352e-06 3.587647642265732014e-08 6.553492536790410199e-05
2.470074925793211140e-01 3.000000000000000000e+00 4.729308500137576199e-01 2.558653836974670269e-03 1.473603284954700006e-04 3.193303794214449182e-02
2.095783900551303203e-01 3.000000000000000000e+00 3.982899271615572001e-01 1.835932705845621940e-03 6.363823173078937256e-05 2.294315537370377259e-02
4.918787954404267408e-03 3.000000000000000000e+00 2.792287505885692953e-02 1.008123523233887209e-06 1.276556308417053710e-09 1.260257578812161963e-05
8.718039584031329892e-02 3.000000000000000000e+00 2.447746454759696932e-01 3.172313056949724406e-04 1.553458741674381815e-05 3.974360949701088302e-03
5.237516109055989633e-02 3.000000000000000000e+00 1.754437114386439844e-01 1.143948992918926108e-04 4.174568144313053506e-06 1.432950767421309118e-03
1.765609031110729546e-02 2.000000000000000000e+00 2.880446987034014292e-02 -5.252166333634800919e-05 9.424230080898719926e-08 1.297021731696234290e-04
1.484559331650554814e-01 2.000000000000000000e+00 8.241883620087835094e-02 -1.662463856523987635e-02 3.474503100775443859e-04 3.054713073411315788e-03
2.423401091991062017e-02 3.000000000000000000e+00 1.361622343404708946e-01 2.448218052085295249e-05 1.102252970203934922e-06 3.069869858638039819e-04
3.410634056525325142e-01 3.000000000000000000e+00 4.596829782875762604e-01 4.872229119493335855e-03 2.370855753772585853e-04 6.083532347277589847e-02
7.329431914593630831e-03 2.000000000000000000e+00 8.450951281995991828e-04 -4.723843810846210356e-05 5.395188530461558557e-08 3.295018926405393405e-06
2.118973204172243663e-01 2.000000000000000000e+00 2.873193030363485178e-03 -7.765372845373055832e-03 7.780801618548910392e-05 1.864535879349888542e-02
2.636981578202882495e-02 3.000000000000000000e+00 1.482720668136640885e-01 2.898799124838899959e-05 1.588650966632116057e-06 3.637662387798948501e-04
1.024759638688189922e-02 2.000000000000000000e+00 4.900336037238881177e-03 -5.357470532752821066e-06 1.344750466486676244e-10 4.982801506288771622e-05
2.920404548111358439e-02 2.000000000000000000e+00 5.760552870204615561e-04 -4.213990277449980665e-04 1.405392483108680330e-06 2.171440148420850330e-04
5.678229420583546377e-02 2.000000000000000000e+00 2.244542842717442421e-02 -4.808519601765743928e-04 1.104231472075835893e-06 1.372792719022816396e-03
5.563468359546470954e-03 3.000000000000000000e+00 3.127120482694124154e-02 1.289714924343825120e-06 4.508576405493625581e-10 1.612139841364981275e-05
4.516575633257862710e-01 3.000000000000000000e+00 5.022006845705273559e-01 8.558322296396438794e-03 2.926439124784508544e-04 1.065690823153699895e-01
1.506383995706574996e-01 3.000000000000000000e+00 2.962924457637166054e-01 9.481171318071372018e-04 3.318498367039162756e-05 1.185320726217849348e-02
1.385737802551623710e-01 2.000000000000000000e+00 2.278853696626491690e-03 -3.057515787778899638e-03 4.149070773488798547e-06 8.076737463987052404e-03
6.564896687656598083e-03 3.000000000000000000e+00 3.690170346561025966e-02 1.795820617142745338e-06 8.382242017632638142e-10 2.244768279257542301e-05
2.947014656654936213e-02 2.000000000000000000e+00 2.396075391379868386e-02 -7.624236434268405363e-05 1.370006317379096747e-07 3.962605877873464689e-04
5.729805878893668922e-03 3.000000000000000000e+00 3.270681766279979336e-02 1.367985961904449362e-06 4.078820834504511246e-09 1.710340950668895371e-05
5.797118966216361496e-02 3.000000000000000000e+00 1.913225686927559899e-01 1.401911723869886492e-04 5.728677117214359257e-06 1.756153678733981443e-03
3.401058801073477723e-03 3.000000000000000000e+00 1.871522364329332097e-02 4.819718464734580061e-07 5.903173070506270333e-10 6.025176724723460355e-06
6.349302380309366708e-03 2.000000000000000000e+00 4.273092055664050662e-03 -2.171101844549672982e-05 1.526725173935513877e-08 9.316578387292084418e-06
3.907906858069739447e-02 0.000000000000000000e+00 2.219335601706543259e-01 -1.526784891266883427e-03 9.897615553734967833e-06 1.009197048771834099e-05
3.727737646392413617e-03 2.000000000000000000e+00 3.535271600116322074e-03 -7.194197709695942314e-06 2.951946482731039736e-09 3.353867071800385854e-06
3.444737840785042637e-01 3.000000000000000000e+00 5.639235881420467944e-01 4.982482690932467373e-03 2.454760618345978862e-04 6.206781136598282095e-02
1.943660296087734440e-01 3.000000000000000000e+00 3.760899042560527095e-01 1.579914540741388920e-03 9.989227055560740299e-05 1.977892627386559909e-02
1.676402334837828467e-01 2.000000000000000000e+00 3.288346448243489178e-02 -4.737019368799839925e-03 3.192470993798948720e-05 1.171503896678668249e-02
7.519674542916170157e-02 3.000000000000000000e+00 2.064412313825825795e-01 2.358033032634977884e-04 8.941479976088328660e-06 2.954118393176912837e-03
3.673004429199579896e-02 2.000000000000000000e+00 4.190701875593613908e-03 -6.220409559628957853e-04 2.376131517128573546e-06 3.659037303816672524e-04
2.897129140687363380e-01 2.000000000000000000e+00 2.255271609783498967e-03 -3.181358160110772746e-03 -9.795556557921870564e-06 4.036631165248619202e-02
8.236806570846583186e-02 3.000000000000000000e+00 2.257329485898002253e-01 2.829677826861807491e-04 1.204647390599648967e-05 3.545779489526159397e-03
2.374840051688359988e-01 2.000000000000000000e+00 5.467674032830040914e-02 -8.206702474667836034e-03 6.259345039709082736e-05 2.415856856857903287e-02
3.396908549380821350e-03 2.000000000000000000e+00 3.257790744500550610e-03 -1.059403811372407701e-06 2.304267614589617676e-11 5.239814983418199685e-06
4.177399329108628934e-02 3.000000000000000000e+00 1.672120076687075851e-01 7.275341170994489024e-05 3.363654426703489809e-06 9.122736180235370895e-04
1.492368516770983464e-02 2.000000000000000000e+00 6.879606110250882124e-03 -3.270639544284479185e-05 1.947445614628096804e-08 9.502446622718514454e-05
4.502177163183125608e-02 2.000000000000000000e+00 1.776168661137294755e-02 -8.748125933415726915e-05 -5.281428389080928404e-09 9.697340493389152057e-04
1.197903599656087621e-02 3.000000000000000000e+00 6.751491816336852025e-02 5.979807805134879145e-06 4.092443813002996371e-08 7.477948004414807870e-05
9.196901703744493617e-03 3.000000000000000000e+00 5.060750163741965790e-02 3.524512043018120204e-06 1.872178479198275181e-08 4.407247828047022891e-05
4.399508382243943333e-02 3.000000000000000000e+00 2.076705880591851183e-01 8.071767255886925347e-05 3.723280338899261879e-06 1.011865816890069724e-03
4.452811378291441496e-02 3.000000000000000000e+00 1.741285749081154799e-01 8.267771693740188273e-05 4.339744961945172803e-06 1.037055061962732522e-03
9.613976785041493389e-02 2.000000000000000000e+00 1.847741905204795809e-02 -1.009609242023657913e-03 1.483233285379768895e-06 4.118106093439388889e-03
9.604200329585119156e-02 2.000000000000000000e+00 3.843257868592879489e-02 -1.240915905946183510e-03 6.514117260670139811e-06 3.998089362827724272e-03
7.017288779742951628e-03 2.000000000000000000e+00 5.556920704549328516e-03 -1.379217987733928033e-05 5.912172623985371446e-09 1.773099314310750833e-05
2.929962904770315110e-02 3.000000000000000000e+00 1.651031999074410173e-01 3.579567889118431600e-05 2.531803586849999400e-06 4.496637741989472953e-04
1.103597737627498923e-02 2.000000000000000000e+00 1.486819520095072726e-02 -6.192170926677156818e-05 7.779660111951314629e-08 3.001334029256042527e-05
9.609982895780152731e-03 2.000000000000000000e+00 6.488085440934363880e-03 -1.894791371734957472e-05 6.545055363735771139e-09 3.670847382528249180e-05
2.125292336314302533e-01 2.000000000000000000e+00 8.186083332528647227e-03 -1.312339793167278945e-02 2.099358196896231044e-04 1.623257442783476029e-02
5.902753492229249714e-03 1.000000000000000000e+00 3.351493163332663894e-02 -1.744669212913768934e-05 8.603946175253583250e-09 8.706507276618711953e-06
8.318939499393836201e-02 2.000000000000000000e+00 1.615273208259889251e-02 -1.688378959556986313e-03 9.909270995308227734e-06 2.625957510945563581e-03
3.589662933936122596e-02 3.000000000000000000e+00 2.037515455783160678e-01 5.375315103595529320e-05 3.574863529397981409e-06 6.747354380111201958e-04
2.053781607993887814e-01 2.000000000000000000e+00 4.683096313784555070e-02 -1.495600155385055224e-02 2.805631667024306719e-04 1.389265685644695131e-02
1.973858953587451226e-02 2.000000000000000000e+00 4.536365814597824626e-03 -1.215937655724743245e-04 1.795076011469124420e-07 1.341885832477771523e-04
5.499188892567674625e-02 2.000000000000000000e+00 3.657687719531007003e-03 -9.261707665238757626e-04 4.222432182163064502e-06 1.053190972727209617e-03
4.448622190537539038e-03 2.000000000000000000e+00 2.077424448499782693e-04 -6.262042808576919855e-06 2.263419005601782622e-09 6.766361711788648495e-06
9.301793838159815031e-02 3.000000000000000000e+00 5.280484995257588299e-01 3.627644487540381728e-04 2.486771276108737903e-07 4.507799331886025440e-03
3.175728178060555074e-01 3.000000000000000000e+00 5.125879156438889472e-01 4.235288789390656387e-03 1.902052259899534616e-04 5.273409692532434606e-02
5.001092954082787118e-02 2.000000000000000000e+00 2.853807561778374993e-03 -1.298591157420941498e-03 7.399229682910984061e-06 6.086501877412651019e-04
1.006861950883716425e-02 3.000000000000000000e+00 5.426107888578338839e-02 4.224475383736518144e-06 3.331044160812077649e-08 5.283409754034455133e-05
2.961766696906960317e-02 3.000000000000000000e+00 1.680756256492219325e-01 3.657892484160148270e-05 2.838473922871252231e-06 4.597310346890303009e-04
1.653417142281631697e-02 2.000000000000000000e+00 1.899604722704914409e-03 -3.251270115871934504e-05 1.028441360870056441e-08 1.204433461537868938e-04
4.636722779835835695e-01 3.000000000000000000e+00 6.354485253748676232e-01 9.027103076562927736e-03 4.396379583601773416e-04 1.124491801818844339e-01
2.851204828471706407e-02 2.000000000000000000e+00 2.769190346147211521e-03 -1.625346665802973470e-04 1.024959499498702582e-07 3.253036113548198353e-04
4.343595197650621138e-03 3.000000000000000000e+00 2.448508007547308546e-02 7.861296734955543402e-07 1.203743759798568721e-09 9.827678201034344604e-06
6.269296070499839890e-02 2.000000000000000000e+00 6.056549587032106913e-02 -1.942278302276941732e-03 1.208234228167008595e-05 1.006146852122435844e-03
2.223480247741786986e-01 0.000000000000000000e+00 1.264453888802493431e+00 -4.903128086555857273e-02 1.764538188349231568e-03 1.968219816059338378e-03
2.178538898129032259e-02 3.000000000000000000e+00 1.226070422007200095e-01 1.978486467433486479e-05 5.752586320052847360e-09 2.471997714565503639e-04
5.573597902903975991e-03 2.000000000000000000e+00 1.853120715191132212e-03 -6.521697846295465190e-06 1.938723770585579502e-09 1.227358659225065332e-05
4.002146273144451816e-01 3.000000000000000000e+00 7.621985670680822000e-01 6.786367489979015441e-03 2.195406060467594914e-04 8.369859830925639732e-02
2.929995777343237170e-02 2.000000000000000000e+00 8.040348007466564806e-03 -6.998843987844339783e-05 -3.249851306114234437e-09 3.942462929719322022e-04
8.793363833400212604e-02 2.000000000000000000e+00 2.842173825999519572e-03 -7.698223597744127114e-04 7.446893564323482477e-07 3.481995884796770021e-03
3.403845009740474187e-02 2.000000000000000000e+00 1.126147543859649675e-03 -2.153328716898053705e-04 3.562553354417901047e-07 4.719978620072955546e-04
1.119401504080989734e-01 2.000000000000000000e+00 1.511412425466310272e-02 -1.287640841944525869e-03 3.025985269247515042e-06 5.624504200990894723e-03
1.662049794214316423e-01 3.000000000000000000e+00 3.864019944099167936e-01 1.157467223497138245e-03 7.658790794052856409e-05 1.446736911192835623e-02
3.971093718846512854e-01 3.000000000000000000e+00 9.549261893557755565e-01 6.697511227839830078e-03 4.549093675410929155e-04 8.265159160077215073e-02
3.384845310974926025e-01 3.000000000000000000e+00 1.891131298462875199e+00 5.117068250426409434e-03 6.841547546856691780e-05 5.991283849682649265e-02
3.684527774163909569e-03 3.000000000000000000e+00 2.074421489106529140e-02 5.656616459223062597e-07 3.944583665213641861e-10 7.071097740620301500e-06
4.091676738514305467e-01 2.000000000000000000e+00 5.583858885628757707e-02 -3.664625306650186320e-02 8.056033155142902635e-04 6.619156944475867999e-02
1.505227109293778842e-01 2.000000000000000000e+00 1.000723093788448252e-02 -2.507985834924962836e-03 5.043321346145370962e-06 1.007959365664819196e-02
2.734571115147668707e-01 2.000000000000000000e+00 1.288274614301618444e-02 -3.254744271721081439e-02 9.374081193413638657e-04 2.205308267973577624e-02
5.028889043519943480e-02 2.000000000000000000e+00 5.787511012567343738e-02 -2.100254292755396443e-04 2.483636217963440486e-07 1.159721899585773120e-03
9.005546062961515552e-02 3.000000000000000000e+00 2.467678310407451225e-01 3.385503539094366580e-04 1.690217250047132674e-05 4.241170344061272364e-03
4.481190919989825119e-03 2.000000000000000000e+00 3.053782277174029499e-03 -3.838482036778276978e-06 1.256743546367369586e-09 8.122551755856857224e-06
1.239916196629620333e-02 2.000000000000000000e+00 5.771275279479453225e-04 -2.247058076609118347e-05 1.339581442093388001e-09 6.563565793161967141e-05
1.249065811621676708e-02 2.000000000000000000e+00 4.885910818715341001e-04 -3.421075261152349648e-05 2.186791383489890554e-08 6.092476169617904564e-05
3.180263195522042841e-02 2.000000000000000000e+00 1.520502530983376503e-02 -8.117277775421757077e-05 4.774022705182222239e-08 4.651650509895468091e-04
1.843103659893800816e-02 3.000000000000000000e+00 1.051221228509536115e-01 1.415840330874411037e-05 5.415745451734040765e-07 1.774723312552416317e-04
1.632169382036217919e-02 2.000000000000000000e+00 3.104121303421717923e-03 -2.831796418338098013e-05 1.117448144190393347e-08 1.190510369725758890e-04
4.761315304481806426e-03 3.000000000000000000e+00 2.645935922707530821e-02 9.446040665743926891e-07 1.545853019074548887e-09 1.180890960065260905e-05
6.183682611049764327e-02 2.000000000000000000e+00 4.214824885453894929e-03 -6.566482913545705884e-04 1.669758553366428554e-06 1.585242144586042736e-03
9.792258778013124276e-03 2.000000000000000000e+00 1.971749366224557262e-03 -1.308366600988298571e-05 4.329304572715930309e-09 4.140666228741876419e-05
3.550519470176055625e-01 2.000000000000000000e+00 2.388837176244998015e-02 -5.682625580443212421e-02 2.082623409773026735e-03 3.670043804805325771e-02
5.574364518485860898e-02 2.000000000000000000e+00 9.072054972365614645e-02 -4.420244106137858741e-04 8.274342648588927859e-07 1.333492218205671121e-03
2.382874194837690807e-01 2.000000000000000000e+00 7.879985135868124851e-03 -1.109594354432681326e-02 1.298719761348762075e-04 2.297234734608833567e-02
3.661667071672187329e-02 2.000000000000000000e+00 1.023382160782585794e-03 -4.951703228625833116e-04 1.611768348100633789e-06 4.244168941052275153e-04
3.908086783207102566e-01 2.000000000000000000e+00 2.228464671088431839e-02 -2.077757237307513438e-02 2.441725152274795696e-04 6.622109785408010485e-02
3.838841091967367669e-01 0.000000000000000000e+00 2.175418434510989485e+00 -1.437475033890713294e-01 8.584379337008701816e-03 1.039413228935909261e-02
4.000652368848062190e-01 2.000000000000000000e+00 4.453934568032418516e-03 -7.897166773430963974e-03 -4.401161945623548871e-05 7.603350187567634033e-02
2.651008102139695150e-02 3.000000000000000000e+00 1.504104201444274591e-01 2.930426295762016549e-05 1.064050716694080878e-06 3.671083800760195897e-04
4.293485487240859128e-02 2.000000000000000000e+00 4.147887289018953316e-02 -7.204757663455608379e-04 3.115122331770784573e-06 5.645781206163842181e-04
6.085513268270360647e-03 3.000000000000000000e+00 3.392399202239414213e-02 1.543108800537067427e-06 3.880358416850093354e-09 1.929217062783268843e-05
4.417424869819557183e-03 3.000000000000000000e+00 2.490186134512750032e-02 8.130801023819881671e-07 7.481299875906459428e-10 1.016410942142875028e-05
6.315069717060220467e-02 2.000000000000000000e+00 1.228078330254267145e-02 -6.819401089394338828e-04 1.996452267852819908e-06 1.655031674364688607e-03
1.394062261855408269e-01 2.000000000000000000e+00 3.818799225337632993e-03 -4.330592419241168986e-03 3.160900541107885403e-05 7.583360745437578779e-03
2.346996841538023515e-01 2.000000000000000000e+00 1.248903636058457806e-02 -9.023529362388727285e-03 1.059379288017693946e-04 2.313614411855469816e-02
5.630434610345269597e-02 3.000000000000000000e+00 2.230528678228330952e-01 1.322769501844501833e-04 6.485566354295035051e-06 1.657713736515214597e-03
2.067515070892057549e-01 3.000000000000000000e+00 4.074645887535349176e-01 1.787141370506991744e-03 1.082761588666397105e-04 2.237493968594908567e-02
1.892894340788293939e-01 3.000000000000000000e+00 4.382591940584977253e-01 1.500899982224258508e-03 7.889268187365964385e-05 1.874458759992753826e-02
7.019187573234303423e-02 2.000000000000000000e+00 2.354544697359433735e-03 -9.493712106440091404e-04 3.403635293200283404e-06 1.992167739383539186e-03
7.735795381319751640e-02 3.000000000000000000e+00 3.051974549519791413e-01 2.498818699108363737e-04 1.665420505160298279e-05 3.133721649089421437e-03
4.985637029141273824e-03 3.000000000000000000e+00 2.810206056243910733e-02 1.035710624607200533e-06 1.217423721975920396e-09 1.294736102919788881e-05
4.414171872114532220e-03 3.000000000000000000e+00 2.481290364677661564e-02 8.118854778884365036e-07 1.217485357501467987e-09 1.014961688258527714e-05
2.651605662978484199e-02 2.000000000000000000e+00 4.277326892667767527e-03 -8.247511043206816556e-05 1.716142175411358760e-08 3.103302358026983768e-04
2.871416524153358463e-01 3.000000000000000000e+00 4.676021850923202106e-01 3.453714073309743782e-03 1.245066933439620271e-04 4.307652800590360681e-02
1.832816339593817262e-02 3.000000000000000000e+00 1.036378991060880883e-01 1.400104221512972119e-05 1.783392121765674005e-09 1.749630912337905809e-04
3.684465029506430733e-01 2.000000000000000000e+00 2.868880810014659208e-02 -9.550907311773961655e-03 -1.807225014317966061e-05 6.308288686224895747e-02
4.527494408822364813e-03 2.000000000000000000e+00 1.464438750960140407e-03 -3.166052252521946858e-06 7.020194965710185864e-10 8.666778704194484282e-06
9.182646409516177777e-02 2.000000000000000000e+00 8.784524453377162354e-03 -1.286954307241671867e-03 4.285139775095174984e-06 3.576857740264277087e-03
3.813426317807450897e-03 2.000000000000000000e+00 4.327162558919655198e-03 -2.277908199288210185e-06 -1.971303642732755027e-10 6.131958910664868488e-06
1.273797173492519259e-02 3.000000000000000000e+00 7.230747183504121489e-02 6.761997071368376194e-06 6.003601794863619489e-10 8.450956085574024132e-05
3.006903950046316831e-01 3.000000000000000000e+00 4.948528307138425619e-01 3.789733848848268142e-03 2.305774414755139539e-04 4.733280118992036489e-02
9.442169680875850402e-02 2.000000000000000000e+00 4.448603984038154539e-03 -1.307527700069506874e-03 5.460567556126762201e-06 3.809425131643930963e-03
3.088698967484503413e-02 2.000000000000000000e+00 2.512069275232372417e-02 -4.066949292730487624e-05 2.554860887513257057e-08 4.566938677322145731e-04
5.540495818669998601e-02 3.000000000000000000e+00 3.132995655667177859e-01 1.283598995169811193e-04 4.408242934678357865e-08 1.599078728022824188e-03
2.084753817688146660e-01 3.000000000000000000e+00 4.765054041601359813e-01 1.821429191510175617e-03 7.612325315981319750e-05 2.271783025074141163e-02
1.394163116203178503e-02 2.000000000000000000e+00 5.534390015527756741e-04 -6.048035078379797471e-05 7.257433359755200764e-08 6.701693867076643715e-05
4.744607433535599425e-03 3.000000000000000000e+00 2.636187574942600378e-02 9.379876687295976605e-07 1.097215838846835924e-09 1.172574089938427899e-05
3.571938109957218440e-03 2.000000000000000000e+00 2.838100369640857937e-03 -3.246085509046912059e-06 4.714638926001071177e-10 4.756799640051516857e-06
3.161539873453918931e-02 2.000000000000000000e+00 3.040449104356985049e-03 -1.148093232644265303e-04 6.602490878528257225e-08 4.424280818485231033e-04
4.837147515882401216e-01 2.000000000000000000e+00 1.574859628495520539e-02 -4.302382017098958095e-02 3.738295146230481703e-04 9.585189988116468718e-02
4.690913930930885878e-03 3.000000000000000000e+00 2.663196769149610288e-02 9.168779636531654867e-07 1.785120644676562054e-09 1.146256085617198712e-05
1.478135468609301402e-02 2.000000000000000000e+00 2.846931969001560985e-04 -3.920816106915649466e-05 2.485578233144851630e-08 8.966499842579515227e-05
7.038697164785183424e-02 3.000000000000000000e+00 2.324726656439736472e-01 2.067207209776859725e-04 1.027324301171397044e-05 2.590796492378305907e-03
4.108356448720159627e-03 2.000000000000000000e+00 5.685847826169792684e-04 -1.720830931217415120e-06 6.334342910606269420e-11 7.578944232690658722e-06
1.928924578346128543e-02 3.000000000000000000e+00 1.071960108020614810e-01 1.550868263481783462e-05 2.878308401204058198e-07 1.940796736049188020e-04
2.061642872376321378e-01 3.000000000000000000e+00 5.630284830705993837e-01 1.791265600844442994e-03 5.820806200664040489e-05 2.220569752852930706e-02
1.634341568143051759e-01 2.000000000000000000e+00 2.185406569247106898e-02 -4.004696862870607728e-03 2.238936820016116172e-05 1.137540274356630549e-02
6.588902915984447793e-03 2.000000000000000000e+00 3.672899371389205282e-03 -8.172286842156791732e-06 2.077376921588403545e-09 1.762275477397737291e-05
2.219305246981543786e-02 3.000000000000000000e+00 1.236501282801154983e-01 2.053104676246062036e-05 6.905172963242302926e-07 2.572218296415451026e-04
4.893044650969435166e-02 2.000000000000000000e+00 1.602607819848994499e-03 -7.046511770279555945e-04 2.488466940880310237e-06 8.472571762459326934e-04
3.149364004027499497e-02 2.000000000000000000e+00 8.848318934068623645e-03 -4.559403089550828733e-04 1.427322626901267192e-06 2.693818496425660078e-04
3.918380538590624310e-03 2.000000000000000000e+00 3.715982647291045035e-03 -2.580583553847248373e-06 5.755254186651871705e-10 6.387136771097916046e-06
2.234137544592618152e-02 2.000000000000000000e+00 1.486499611370996864e-02 -6.324964225584216811e-05 6.835516235257813695e-08 2.180120624423481255e-04
8.539770857062178519e-03 0.000000000000000000e+00 4.848834480964136356e-02 -7.292679988325086150e-05 1.036867270567327676e-07 1.041299309955528996e-07
1.464758321698791423e-02 3.000000000000000000e+00 8.362538321395852903e-02 8.941318843278593485e-06 2.129295153242540879e-07 1.119594359862565542e-04
1.326327912500887829e-01 3.000000000000000000e+00 3.117188345665283244e-01 7.350376177315411748e-04 3.472668056139039750e-05 9.197974146821974104e-03
2.702419620120610766e-02 2.000000000000000000e+00 7.755722753106217629e-03 -1.319588822762345461e-04 1.460934245601564797e-07 2.993202424470842193e-04
